0 0.626632 0.972437 0.004198 0.006671
0 0.653568 0.969277 0.003965 0.005969
0 0.213619 0.944347 0.003265 0.005267
0 0.706040 0.932233 0.005830 0.006320
0 0.367654 0.917837 0.005364 0.007022
0 0.551073 0.915204 0.003731 0.005267
0 0.361241 0.914326 0.003265 0.004213
0 0.181786 0.887992 0.003498 0.005618
0 0.409865 0.882549 0.003032 0.004565
0 0.380714 0.876053 0.003498 0.005618
0 0.403568 0.875878 0.005364 0.007374
0 0.372318 0.873947 0.003032 0.004916
0 0.189249 0.872718 0.003498 0.005267
0 0.422924 0.871664 0.002565 0.003862
0 0.181087 0.870962 0.003498 0.005267
0 0.432486 0.826369 0.002565 0.003862
0 0.409282 0.826369 0.002799 0.004565
0 0.238456 0.814782 0.003965 0.005969
0 0.243354 0.808989 0.005830 0.007725
0 0.252332 0.806706 0.003265 0.005267
0 0.194846 0.795822 0.002565 0.003862
0 0.393657 0.794417 0.003265 0.005267
0 0.403801 0.793715 0.002565 0.004565
0 0.155900 0.791433 0.002099 0.003511
0 0.398671 0.789501 0.003498 0.005969
0 0.387010 0.778792 0.003498 0.005618
0 0.143540 0.777388 0.002099 0.003511
0 0.125700 0.766854 0.003265 0.004916
0 0.322295 0.762640 0.002332 0.003511
0 0.133745 0.762816 0.002099 0.003862
0 0.415229 0.763694 0.005830 0.007725
0 0.493237 0.760534 0.001866 0.004213
0 0.326959 0.750000 0.003731 0.005618
0 0.162780 0.733497 0.006063 0.007725
0 0.106227 0.698209 0.002099 0.003862
0 0.660448 0.680478 0.002332 0.003511
0 0.263643 0.671524 0.004431 0.005267
0 0.135961 0.649579 0.005131 0.008427
0 0.340019 0.605513 0.006996 0.009480
0 0.452425 0.606566 0.006996 0.012289
0 0.527868 0.586025 0.003032 0.004213
0 0.579874 0.577247 0.002565 0.003511
0 0.140392 0.571980 0.005597 0.008427
0 0.081973 0.570927 0.008162 0.011938
0 0.672341 0.566362 0.002799 0.004213
0 0.298041 0.566362 0.007929 0.011938
0 0.509678 0.562149 0.003032 0.004916
0 0.324860 0.562676 0.002799 0.006671
0 0.282649 0.549860 0.001866 0.002809
0 0.131763 0.550211 0.003265 0.004916
0 0.412663 0.545997 0.002099 0.003511
0 0.302239 0.546699 0.004198 0.007725
0 0.348181 0.540906 0.001866 0.003160
0 0.183535 0.535815 0.004198 0.007725
0 0.092001 0.534761 0.003498 0.006320
0 0.346082 0.532830 0.002799 0.003862
0 0.342118 0.528441 0.004198 0.006320
0 0.274837 0.525983 0.002565 0.004916
0 0.346549 0.522823 0.003731 0.006320
0 0.375350 0.517907 0.001632 0.002809
0 0.276936 0.518083 0.002565 0.003862
0 0.076959 0.507022 0.002332 0.003511
0 0.175023 0.491397 0.002099 0.003160
0 0.482393 0.477879 0.003032 0.005618
0 0.485075 0.472437 0.002799 0.003862
0 0.152519 0.472261 0.005597 0.008427
0 0.345266 0.456987 0.004431 0.006671
0 0.636194 0.449789 0.003731 0.005618
0 0.689132 0.443294 0.003265 0.005267
0 0.629198 0.433989 0.001866 0.003511
0 0.182486 0.433813 0.002565 0.004565
0 0.302822 0.433813 0.003498 0.005267
0 0.504548 0.434164 0.005364 0.006671
0 0.494170 0.431180 0.001866 0.002809
0 0.374300 0.433111 0.006530 0.007374
0 0.196945 0.428722 0.002565 0.004213
0 0.619053 0.399930 0.003498 0.004916
0 0.365555 0.392205 0.002565 0.004213
0 0.226796 0.386587 0.003032 0.004916
0 0.144473 0.386236 0.003032 0.004916
0 0.585238 0.385885 0.003965 0.006320
0 0.255131 0.376756 0.003265 0.004916
0 0.133512 0.372893 0.002565 0.004213
0 0.437150 0.372191 0.002099 0.003511
0 0.239272 0.369382 0.003265 0.005618
0 0.523554 0.344277 0.004198 0.005267
0 0.375583 0.335850 0.002565 0.004565
0 0.438549 0.324438 0.002565 0.004213
0 0.366604 0.319347 0.002799 0.004565
0 0.462803 0.311798 0.002565 0.004213
0 0.240672 0.267556 0.004664 0.007022
0 0.425606 0.246313 0.002332 0.003862
0 0.253382 0.240695 0.003498 0.004565
0 0.369403 0.241397 0.004664 0.006671
0 0.432952 0.233322 0.002565 0.003862
0 0.373134 0.223490 0.002332 0.003862
0 0.377565 0.221559 0.002332 0.003511
0 0.315415 0.212781 0.003498 0.005618
0 0.187383 0.190309 0.002565 0.003511
0 0.231343 0.185920 0.011660 0.016503
0 0.713503 0.172051 0.008162 0.013343
0 0.691115 0.160463 0.005830 0.009129
0 0.364739 0.099719 0.003265 0.004916
0 0.472948 0.075140 0.003265 0.004916
0 0.229594 0.042486 0.006297 0.010534
0 0.664529 0.040379 0.005830 0.008427
1 0.423274 0.975070 0.021922 0.016152
1 0.375000 0.942591 0.013060 0.020014
1 0.386660 0.934515 0.007929 0.008778
1 0.586870 0.932233 0.016091 0.012640
1 0.226329 0.923455 0.008629 0.009831
1 0.298507 0.918364 0.008862 0.007374
1 0.540695 0.882900 0.010494 0.014396
1 0.209188 0.877107 0.006530 0.012640
1 0.448461 0.821629 0.005131 0.007022
1 0.432020 0.817240 0.006763 0.007374
1 0.354944 0.794242 0.008862 0.011938
1 0.215485 0.779143 0.006063 0.009129
1 0.149370 0.738588 0.006297 0.016503
1 0.302355 0.728757 0.010961 0.014396
1 0.245569 0.667837 0.013993 0.012640
1 0.178638 0.683989 0.033582 0.060393
1 0.306903 0.668890 0.042910 0.032303
1 0.103661 0.647647 0.021688 0.042486
1 0.085354 0.630969 0.019123 0.044944
1 0.168260 0.602177 0.005830 0.008427
1 0.177006 0.575316 0.006530 0.015098
1 0.107393 0.553897 0.006763 0.007374
1 0.343750 0.553371 0.005131 0.011236
1 0.183535 0.547402 0.007463 0.009129
1 0.250000 0.545295 0.006530 0.015449
1 0.381646 0.538975 0.005830 0.003511
1 0.118587 0.517556 0.021222 0.025281
1 0.105993 0.500702 0.008629 0.013343
1 0.091535 0.484551 0.013759 0.028090
1 0.339319 0.358497 0.005597 0.012640
1 0.193797 0.194347 0.023321 0.033357
1 0.417211 0.154494 0.007463 0.009831
1 0.603078 0.057409 0.055970 0.043890
1 0.577542 0.028617 0.008629 0.010885
2 0.533582 0.922577 0.002332 0.004565
2 0.533699 0.913975 0.003498 0.004916
2 0.385961 0.912219 0.002799 0.004916
2 0.390858 0.897472 0.002332 0.002809
2 0.373834 0.896594 0.001866 0.004565
2 0.365672 0.893610 0.003731 0.006320
2 0.394123 0.889923 0.002799 0.001756
2 0.357976 0.887114 0.005131 0.004565
2 0.462803 0.879916 0.003965 0.004916
2 0.451143 0.878336 0.004897 0.005969
2 0.548158 0.879389 0.007696 0.010183
2 0.519706 0.876931 0.003032 0.005267
2 0.425840 0.869382 0.001866 0.003511
2 0.386660 0.869206 0.005131 0.003862
2 0.395056 0.872015 0.003731 0.013694
2 0.527519 0.866573 0.005597 0.008427
2 0.543377 0.863764 0.003265 0.005618
2 0.424324 0.862886 0.003498 0.004565
2 0.428288 0.857971 0.002099 0.003160
2 0.525420 0.858146 0.005597 0.006320
2 0.433535 0.854108 0.001866 0.003160
2 0.420243 0.853230 0.004198 0.005618
2 0.428405 0.849719 0.001866 0.003511
2 0.452659 0.849544 0.006530 0.008778
2 0.431437 0.844101 0.002332 0.008427
2 0.440065 0.837956 0.003265 0.006671
2 0.445896 0.841643 0.007929 0.021067
2 0.437500 0.832865 0.001866 0.003511
2 0.420592 0.830583 0.002099 0.002458
2 0.412663 0.818469 0.003032 0.002809
2 0.421758 0.811798 0.004897 0.010534
2 0.412663 0.800913 0.005364 0.009831
2 0.322528 0.771770 0.002332 0.005618
2 0.284165 0.728757 0.012360 0.015801
2 0.372551 0.723315 0.005364 0.007725
2 0.293960 0.720154 0.003032 0.003511
2 0.280084 0.721735 0.019590 0.025632
2 0.371502 0.709270 0.003265 0.004213
2 0.350280 0.704881 0.001866 0.003862
2 0.347365 0.703827 0.003498 0.005267
2 0.293960 0.704881 0.009562 0.011587
2 0.360658 0.698560 0.003498 0.005267
2 0.340602 0.688729 0.005830 0.006671
2 0.413829 0.685218 0.016091 0.012289
2 0.267840 0.606215 0.001632 0.003160
2 0.273204 0.605337 0.006763 0.007725
2 0.260145 0.594101 0.002099 0.003511
2 0.198811 0.595330 0.003498 0.005969
2 0.268773 0.592521 0.002565 0.003160
2 0.262943 0.591292 0.003032 0.002809
2 0.185285 0.590239 0.002099 0.003511
2 0.193097 0.588483 0.002332 0.003511
2 0.199394 0.588659 0.004198 0.005969
2 0.223881 0.586728 0.002332 0.003511
2 0.184352 0.586201 0.002565 0.003862
2 0.218517 0.586552 0.003265 0.005969
2 0.240555 0.586552 0.006297 0.007374
2 0.248717 0.583041 0.002565 0.003160
2 0.209422 0.585674 0.008862 0.009129
2 0.232743 0.577072 0.002332 0.005267
2 0.195429 0.571103 0.001866 0.002458
2 0.226679 0.577072 0.009795 0.021419
2 0.212453 0.567240 0.006063 0.005969
2 0.199743 0.570225 0.003965 0.011938
2 0.220033 0.566362 0.010961 0.011236
2 0.522038 0.562149 0.002565 0.004213
2 0.446595 0.562149 0.002332 0.004213
2 0.206623 0.565836 0.007463 0.015098
2 0.202775 0.559691 0.005364 0.004916
2 0.437500 0.559691 0.002332 0.005618
2 0.192281 0.557584 0.003965 0.003511
2 0.206856 0.555653 0.001399 0.002458
2 0.437034 0.555302 0.001866 0.002458
2 0.429688 0.555478 0.003032 0.003511
2 0.212337 0.555829 0.007229 0.005618
2 0.416161 0.552844 0.003032 0.004565
2 0.424324 0.552317 0.002565 0.004213
2 0.410331 0.551966 0.003032 0.003511
2 0.448344 0.549860 0.001632 0.002107
2 0.443680 0.552844 0.007229 0.008076
2 0.191348 0.550562 0.005364 0.006320
2 0.234841 0.551791 0.004198 0.011587
2 0.198577 0.548631 0.006763 0.010183
2 0.371735 0.544417 0.003265 0.002458
2 0.448461 0.543890 0.001866 0.002809
2 0.425956 0.544593 0.003032 0.005618
2 0.382696 0.545646 0.016325 0.008427
2 0.392724 0.540730 0.002332 0.003511
2 0.365555 0.541784 0.007696 0.007022
2 0.408815 0.542837 0.008862 0.010534
2 0.179104 0.538624 0.001866 0.003511
2 0.303638 0.538097 0.001399 0.003160
2 0.398321 0.543013 0.008396 0.013694
2 0.390975 0.537219 0.002099 0.002107
2 0.418144 0.541081 0.008862 0.015449
2 0.197062 0.533883 0.001399 0.003160
2 0.430387 0.532830 0.002565 0.003862
2 0.426189 0.533883 0.005364 0.006671
2 0.359258 0.530372 0.003032 0.003862
2 0.404618 0.532830 0.012593 0.009480
2 0.406483 0.527388 0.004664 0.004916
2 0.424674 0.525632 0.001866 0.002809
2 0.355061 0.521945 0.001632 0.002458
2 0.432603 0.521594 0.003265 0.004565
2 0.427589 0.522121 0.003032 0.005618
2 0.418493 0.520716 0.002099 0.002809
2 0.424790 0.520014 0.002565 0.003511
2 0.420592 0.516503 0.002565 0.005618
2 0.147854 0.515449 0.003265 0.003511
2 0.410098 0.512992 0.007696 0.004213
2 0.171642 0.507198 0.003265 0.003862
2 0.134445 0.507022 0.003498 0.004213
2 0.249184 0.505969 0.002099 0.002809
2 0.222015 0.504389 0.002799 0.003160
2 0.166278 0.504213 0.001866 0.003511
2 0.428405 0.516152 0.039179 0.028792
2 0.416395 0.497015 0.001166 0.001756
2 0.166161 0.498244 0.004897 0.004213
2 0.217817 0.498947 0.003731 0.006320
2 0.233092 0.517205 0.022155 0.045646
2 0.420476 0.498596 0.007929 0.009129
2 0.507929 0.495962 0.002332 0.004565
2 0.250583 0.493329 0.001632 0.002107
2 0.242304 0.494733 0.004664 0.006320
2 0.164879 0.492451 0.004664 0.004565
2 0.250466 0.490695 0.001399 0.002458
2 0.229478 0.493329 0.003731 0.008427
2 0.227729 0.483673 0.010494 0.008778
2 0.164762 0.482093 0.006763 0.005618
2 0.181553 0.478757 0.003032 0.003160
2 0.102845 0.477528 0.004198 0.007022
2 0.207673 0.474719 0.004897 0.007725
2 0.213969 0.473490 0.003965 0.010183
2 0.181437 0.471208 0.005597 0.006320
2 0.199743 0.467872 0.003965 0.003160
2 0.191814 0.470154 0.004431 0.008427
2 0.219566 0.471559 0.005830 0.016152
2 0.180970 0.464712 0.004198 0.004565
2 0.205924 0.459972 0.002799 0.005618
2 0.193097 0.455232 0.003731 0.005267
2 0.209422 0.441187 0.003265 0.004565
2 0.202659 0.440660 0.002799 0.005618
2 0.561567 0.438904 0.004198 0.004916
2 0.391325 0.396594 0.002799 0.005969
2 0.396105 0.391503 0.002099 0.003511
2 0.538713 0.393961 0.013060 0.009831
2 0.382579 0.386763 0.002099 0.002458
2 0.355410 0.378511 0.001866 0.002107
2 0.497085 0.375000 0.003498 0.003511
2 0.361241 0.371840 0.001399 0.002809
2 0.353661 0.373420 0.002565 0.005969
2 0.504548 0.369909 0.002565 0.003160
2 0.420942 0.369733 0.001866 0.002809
2 0.451259 0.370260 0.005597 0.005267
2 0.514692 0.374473 0.006996 0.015801
2 0.527868 0.367626 0.003032 0.004916
2 0.507579 0.364291 0.003965 0.002458
2 0.488340 0.363588 0.003265 0.003862
2 0.399953 0.360955 0.002332 0.003511
2 0.501283 0.361833 0.013759 0.012289
2 0.442864 0.352528 0.003731 0.006320
2 0.524254 0.356215 0.011194 0.016503
2 0.517840 0.351124 0.002565 0.007022
2 0.511311 0.347963 0.003498 0.004916
2 0.498601 0.347086 0.005131 0.008778
2 0.456273 0.344277 0.002565 0.003862
2 0.432719 0.344101 0.003032 0.003511
2 0.515159 0.342170 0.002799 0.003160
2 0.471315 0.338132 0.002799 0.004213
2 0.429104 0.337605 0.002799 0.004565
2 0.452892 0.336903 0.006530 0.006671
2 0.469333 0.331110 0.002565 0.004213
2 0.304921 0.330056 0.003965 0.004213
2 0.536730 0.338308 0.017491 0.026334
2 0.275653 0.317942 0.005597 0.005267
2 0.271339 0.313202 0.004897 0.003511
2 0.425490 0.312324 0.003965 0.006671
2 0.275886 0.310569 0.002799 0.003862
2 0.285798 0.304249 0.003498 0.003862
2 0.286147 0.296699 0.006530 0.008427
2 0.393424 0.288272 0.003731 0.003511
2 0.405900 0.285815 0.003498 0.004916
2 0.394473 0.283883 0.002565 0.003160
2 0.442980 0.255794 0.005364 0.005267
2 0.414179 0.255618 0.004198 0.005618
2 0.455107 0.252809 0.010028 0.008427
2 0.439482 0.248771 0.005830 0.003862
2 0.427122 0.253862 0.017957 0.014747
2 0.417677 0.246313 0.002799 0.004565
2 0.450443 0.246489 0.005830 0.009831
2 0.377682 0.240520 0.006297 0.009129
2 0.451726 0.236657 0.005131 0.004916
2 0.463386 0.237535 0.008396 0.008778
2 0.423974 0.234199 0.001866 0.002809
2 0.345499 0.231917 0.003965 0.006671
2 0.459072 0.230864 0.003498 0.005267
2 0.414762 0.233497 0.009095 0.011236
2 0.462220 0.227704 0.002799 0.002458
2 0.438316 0.225772 0.002099 0.004213
2 0.473064 0.224017 0.003498 0.003511
2 0.424440 0.222963 0.002799 0.004213
2 0.414179 0.221383 0.003731 0.007374
2 0.425606 0.216468 0.002799 0.003160
2 0.449394 0.220154 0.011660 0.016152
2 0.440648 0.213834 0.002565 0.004213
2 0.395056 0.211376 0.004198 0.004213
2 0.498018 0.211552 0.003032 0.005267
2 0.443797 0.208216 0.004664 0.005618
2 0.468517 0.208919 0.008396 0.007725
2 0.484492 0.205934 0.005364 0.003160
2 0.478778 0.208041 0.010261 0.011587
2 0.329641 0.127282 0.005830 0.008778
2 0.454524 0.071103 0.012593 0.010885
2 0.464552 0.048104 0.016791 0.009831