0 0.299324 0.533006 0.004431 0.006320
0 0.360308 0.528792 0.002332 0.003511
0 0.370103 0.524403 0.003265 0.004565
0 0.359142 0.521594 0.002799 0.003862
0 0.338736 0.492802 0.002565 0.003862
0 0.354011 0.456461 0.003731 0.007725
0 0.343167 0.453652 0.002099 0.003511
0 0.337570 0.449087 0.003965 0.006320
0 0.353078 0.307760 0.003265 0.004565
0 0.523204 0.305478 0.006297 0.007725
0 0.353078 0.297928 0.003265 0.005267
0 0.391558 0.272999 0.004664 0.005969
0 0.551189 0.270014 0.006297 0.007022
0 0.544076 0.242275 0.005131 0.008427
0 0.217001 0.217872 0.003965 0.005969
0 0.375466 0.105162 0.006996 0.009480
1 0.428755 0.611482 0.004431 0.003160
1 0.366604 0.600421 0.013993 0.014045
1 0.444496 0.559515 0.006530 0.006671
1 0.333139 0.528617 0.003032 0.011587
1 0.190065 0.502282 0.023787 0.018610
1 0.322994 0.482444 0.010261 0.015449
1 0.348881 0.481215 0.014459 0.018610
1 0.458605 0.467521 0.015625 0.010885
1 0.384095 0.388694 0.028451 0.023876
1 0.336171 0.106390 0.021688 0.044242
1 0.372201 0.085323 0.020989 0.023876
1 0.441931 0.090941 0.026586 0.046348
2 0.476096 0.597261 0.003498 0.005618
2 0.462687 0.595154 0.021922 0.021770
2 0.464086 0.577774 0.012127 0.012289
2 0.393424 0.572331 0.000933 0.002107
2 0.313666 0.572156 0.002332 0.003160
2 0.376049 0.571454 0.001632 0.003160
2 0.274254 0.573209 0.005597 0.006671
2 0.407183 0.564080 0.001399 0.001756
2 0.382229 0.565660 0.002799 0.004916
2 0.296992 0.561271 0.002565 0.004565
2 0.363456 0.558287 0.001166 0.002107
2 0.366488 0.557760 0.002099 0.003160
2 0.381996 0.554775 0.001399 0.003511
2 0.380131 0.554775 0.001866 0.003511
2 0.408582 0.554073 0.001866 0.003511
2 0.374650 0.550737 0.001166 0.003160
2 0.371385 0.549333 0.001632 0.003862
2 0.388526 0.546524 0.001866 0.002458
2 0.403451 0.545471 0.001866 0.003160
2 0.524720 0.548279 0.010261 0.010183
2 0.539062 0.546524 0.008162 0.008778
2 0.398088 0.543188 0.001399 0.002107
2 0.480410 0.540555 0.002332 0.003862
2 0.399720 0.536692 0.001866 0.002458
2 0.384911 0.535815 0.003032 0.004213
2 0.548857 0.537219 0.004431 0.011236
2 0.496385 0.531074 0.003032 0.005267
2 0.501049 0.530723 0.002565 0.005267
2 0.600396 0.528617 0.005364 0.006671
2 0.404268 0.525456 0.001166 0.003160
2 0.570429 0.520541 0.002332 0.004565
2 0.369053 0.517381 0.004431 0.005969
2 0.280434 0.505091 0.003965 0.004565
2 0.551889 0.504916 0.004897 0.007022
2 0.504548 0.499298 0.002099 0.002809
2 0.280784 0.499122 0.004198 0.005267
2 0.284748 0.500351 0.003265 0.009129
2 0.516908 0.508427 0.022621 0.026685
2 0.537780 0.497542 0.002332 0.008427
2 0.559701 0.490520 0.004664 0.006320
2 0.517491 0.489993 0.003731 0.005267
2 0.569963 0.479986 0.002799 0.004916
2 0.548857 0.481566 0.004431 0.009480
2 0.519823 0.477704 0.006063 0.007374
2 0.269123 0.481215 0.010261 0.019312
2 0.590252 0.462430 0.004664 0.004213
2 0.576959 0.462956 0.003265 0.006671
2 0.176539 0.463659 0.006063 0.010885
2 0.255947 0.463308 0.003498 0.010885
2 0.583839 0.459972 0.005364 0.013343
2 0.573577 0.449087 0.003965 0.004916
2 0.596549 0.449263 0.005597 0.007374
2 0.524254 0.447156 0.003731 0.007374
2 0.588619 0.441187 0.007463 0.009480
2 0.555037 0.445927 0.014459 0.028792
2 0.562733 0.429073 0.004664 0.003511
2 0.363340 0.351826 0.003265 0.005618
3 0.442281 0.362711 0.048274 0.055478
3 0.381297 0.294066 0.029851 0.039677
3 0.548857 0.249649 0.039412 0.037219