0 0.651236 0.947331 0.002565 0.004916
0 0.658232 0.942416 0.004431 0.006320
0 0.654734 0.936622 0.003965 0.005267
0 0.658699 0.934691 0.003965 0.005618
0 0.742537 0.886763 0.002799 0.004565
0 0.502215 0.882725 0.002565 0.004213
0 0.666045 0.851650 0.003265 0.004565
0 0.449977 0.842697 0.003498 0.006320
0 0.760145 0.816362 0.003498 0.004916
0 0.468983 0.765098 0.005131 0.008427
0 0.264226 0.752458 0.003265 0.005618
0 0.736474 0.751404 0.002799 0.004213
0 0.207323 0.741397 0.005597 0.008076
0 0.548741 0.736482 0.003731 0.005969
0 0.718633 0.729108 0.002099 0.003160
0 0.492188 0.727177 0.005364 0.008427
0 0.717817 0.724192 0.001866 0.003160
0 0.724813 0.717170 0.002332 0.004565
0 0.723531 0.708041 0.003498 0.004565
0 0.216651 0.707865 0.004664 0.007022
0 0.227495 0.701369 0.003965 0.005969
0 0.741371 0.686271 0.004198 0.005969
0 0.631996 0.661868 0.001399 0.002107
0 0.614622 0.637114 0.003032 0.005267
0 0.647971 0.623771 0.003032 0.005969
0 0.714902 0.621840 0.004431 0.006320
0 0.750117 0.616222 0.003498 0.005618
0 0.671758 0.615344 0.003965 0.006671
0 0.634795 0.609726 0.004664 0.006671
0 0.625233 0.586903 0.003731 0.006671
0 0.742654 0.585323 0.003032 0.004916
0 0.752332 0.582338 0.003265 0.005969
0 0.774604 0.539326 0.002565 0.003511
0 0.505131 0.538624 0.003265 0.004916
0 0.819963 0.537570 0.003265 0.004916
0 0.593517 0.537044 0.002799 0.004565
0 0.596315 0.532303 0.002332 0.004213
0 0.774953 0.528968 0.003265 0.004565
0 0.733559 0.529670 0.004431 0.008076
0 0.716301 0.520892 0.002565 0.003862
0 0.674674 0.519838 0.003731 0.006671
0 0.729244 0.512640 0.004198 0.007022
0 0.678638 0.511763 0.004198 0.006671
0 0.723064 0.510358 0.003498 0.006671
0 0.718983 0.507725 0.002799 0.004916
0 0.683069 0.504916 0.002799 0.004916
0 0.657649 0.498947 0.005131 0.008427
0 0.702425 0.494031 0.003731 0.005618
0 0.694146 0.494382 0.003965 0.006320
0 0.678988 0.492451 0.005364 0.008076
0 0.712220 0.489993 0.004198 0.007374
0 0.642491 0.489817 0.005597 0.009129
0 0.773904 0.485077 0.003965 0.005267
0 0.633745 0.482093 0.005364 0.007725
0 0.689715 0.476299 0.004431 0.006671
0 0.715835 0.473490 0.002565 0.003862
0 0.665812 0.472261 0.003731 0.005618
0 0.696245 0.467521 0.003965 0.006671
0 0.630014 0.467521 0.004431 0.008778
0 0.659398 0.463308 0.003498 0.004565
0 0.636427 0.462956 0.003265 0.004565
0 0.671525 0.455934 0.003498 0.004565
0 0.818447 0.455934 0.003498 0.005969
0 0.616138 0.455407 0.004198 0.007022
0 0.704524 0.455056 0.006063 0.008427
0 0.652052 0.453301 0.002799 0.004916
0 0.664179 0.450667 0.002799 0.003862
0 0.648787 0.450843 0.003265 0.004916
0 0.715368 0.442591 0.004897 0.006671
0 0.691465 0.437324 0.006063 0.008076
0 0.706157 0.426791 0.004664 0.006671
0 0.701376 0.420997 0.004431 0.005618
0 0.717817 0.419066 0.003731 0.005969
0 0.705224 0.416959 0.003265 0.004565
0 0.701493 0.413624 0.003265 0.004916
0 0.728778 0.408006 0.003731 0.005618
0 0.689366 0.408006 0.005131 0.007022
0 0.672924 0.386587 0.002565 0.004213
0 0.692397 0.383076 0.002332 0.003511
0 0.601096 0.377107 0.003965 0.005618
0 0.719216 0.367978 0.003731 0.004916
0 0.675606 0.352001 0.003731 0.005267
0 0.157882 0.350070 0.003265 0.005618
0 0.701143 0.337079 0.003032 0.004213
0 0.105877 0.335674 0.005131 0.007022
0 0.652868 0.293715 0.002099 0.003160
0 0.661381 0.267907 0.002799 0.004916
0 0.622435 0.249298 0.002332 0.002809
0 0.636544 0.247367 0.003498 0.004565
0 0.652752 0.245787 0.002332 0.003511
0 0.610774 0.243504 0.002332 0.003862
0 0.409748 0.226475 0.004198 0.006320
0 0.631763 0.223315 0.002799 0.003511
0 0.624767 0.202072 0.004198 0.005267
0 0.227379 0.200316 0.003265 0.005267
0 0.629314 0.195400 0.001632 0.002458
0 0.624184 0.193820 0.005364 0.007022
0 0.417327 0.192942 0.005364 0.008778
0 0.425140 0.189080 0.007929 0.012992
0 0.431670 0.178546 0.004198 0.005267
0 0.225396 0.173279 0.004897 0.007374
0 0.722248 0.154846 0.003731 0.005618
0 0.707673 0.153265 0.002565 0.003160
0 0.727495 0.149228 0.004431 0.005618
0 0.433186 0.148701 0.003498 0.004565
0 0.382346 0.140274 0.004431 0.004565
0 0.220499 0.126756 0.003498 0.005618
0 0.217351 0.122015 0.004198 0.005969
0 0.191814 0.101826 0.003965 0.005618
0 0.287313 0.095506 0.002799 0.003511
0 0.234258 0.089185 0.002565 0.004213
0 0.247085 0.085850 0.002099 0.003160
0 0.279384 0.078827 0.004664 0.006671
0 0.597715 0.063729 0.002799 0.004565
0 0.598181 0.039501 0.003731 0.005969
0 0.670826 0.037570 0.003032 0.004916
0 0.230877 0.028090 0.003731 0.005618
0 0.654501 0.008251 0.005364 0.008076
1 0.668377 0.869206 0.013993 0.024228
1 0.732393 0.795822 0.011894 0.024930
1 0.264109 0.740344 0.011427 0.010885
1 0.481460 0.713132 0.017024 0.014747
1 0.733442 0.658357 0.005597 0.007725
1 0.727029 0.653090 0.009095 0.007022
1 0.737990 0.649052 0.004897 0.008778
1 0.635378 0.638518 0.009095 0.014396
1 0.627449 0.626931 0.005830 0.013694
1 0.621152 0.626931 0.004897 0.016503
1 0.616488 0.618329 0.008162 0.018961
1 0.528218 0.598841 0.020989 0.029846
1 0.839319 0.586376 0.019123 0.028792
1 0.736357 0.578827 0.017957 0.027739
1 0.584538 0.567240 0.013293 0.020014
1 0.671059 0.504740 0.004431 0.012992
1 0.650536 0.504916 0.014692 0.025281
1 0.610658 0.472788 0.009562 0.014396
1 0.733092 0.476124 0.035215 0.028090
1 0.754198 0.459796 0.017724 0.028441
1 0.705224 0.439782 0.006996 0.012289
1 0.680154 0.442240 0.026353 0.041081
1 0.696245 0.422753 0.013759 0.019663
1 0.662663 0.415028 0.010961 0.020365
1 0.823811 0.420646 0.023554 0.037219
1 0.711171 0.401685 0.007696 0.009831
1 0.529501 0.385358 0.028218 0.024228
1 0.635844 0.378511 0.009095 0.011938
1 0.654384 0.372893 0.028451 0.040730
1 0.693563 0.308462 0.009795 0.013694
1 0.680037 0.290379 0.026119 0.068118
1 0.643540 0.243504 0.010494 0.010885
1 0.617654 0.212956 0.017491 0.014396
1 0.612873 0.184867 0.009795 0.008778
1 0.232859 0.177844 0.006763 0.010183
1 0.184818 0.105688 0.021222 0.011938
1 0.218750 0.101826 0.007463 0.008427
1 0.297108 0.093048 0.010261 0.014747
1 0.278801 0.086376 0.024487 0.014747
1 0.232743 0.064256 0.011660 0.009129
1 0.265392 0.066011 0.016325 0.021770
1 0.282999 0.048806 0.014692 0.013343
1 0.236824 0.040906 0.014226 0.014396
1 0.247435 0.050562 0.019123 0.036517
1 0.239272 0.025808 0.008396 0.008778
1 0.248134 0.021770 0.004664 0.004213
2 0.602845 0.754565 0.002799 0.004916
2 0.633279 0.748069 0.001632 0.003862
2 0.584655 0.746138 0.001866 0.002107
2 0.255830 0.747191 0.004198 0.007022
2 0.585938 0.740344 0.002099 0.002458
2 0.602729 0.736306 0.007696 0.008427
2 0.680737 0.716819 0.004198 0.004565
2 0.596199 0.712781 0.002565 0.004916
2 0.705924 0.700843 0.002332 0.003511
2 0.670243 0.661692 0.002332 0.003160
2 0.685285 0.661166 0.001632 0.002809
2 0.722015 0.624473 0.002332 0.003862
2 0.767374 0.616749 0.003965 0.003862
2 0.523321 0.617451 0.004198 0.005969
2 0.748834 0.606742 0.002799 0.004213
2 0.524604 0.602353 0.008629 0.009480
2 0.762477 0.593926 0.004431 0.005267
2 0.766674 0.580934 0.003032 0.004565
2 0.703591 0.578827 0.001866 0.004565
2 0.770406 0.566362 0.002565 0.003511
2 0.809468 0.554249 0.002799 0.002458
2 0.781017 0.543013 0.003731 0.003862
2 0.772155 0.541081 0.002332 0.004213
2 0.805620 0.539501 0.003032 0.005267
2 0.562850 0.511763 0.003498 0.005969
2 0.779151 0.510885 0.002799 0.004916
2 0.560984 0.502809 0.003498 0.007022
2 0.508396 0.500000 0.002332 0.006320
2 0.501049 0.498596 0.002099 0.003511
2 0.550373 0.495962 0.002332 0.003862
2 0.504431 0.494031 0.005131 0.007022
2 0.483326 0.489291 0.001166 0.003862
2 0.498951 0.489466 0.002565 0.004916
2 0.487523 0.481742 0.002099 0.003511
2 0.508162 0.479284 0.001866 0.004213
2 0.493004 0.477001 0.002332 0.004565
2 0.485774 0.475070 0.002799 0.004213
2 0.749417 0.475948 0.004431 0.006671
2 0.560168 0.471559 0.006063 0.009831
2 0.478545 0.471208 0.005597 0.009129
2 0.547458 0.468223 0.002565 0.004565
2 0.516791 0.466994 0.003731 0.004213
2 0.554104 0.467346 0.002332 0.005618
2 0.532183 0.468574 0.004198 0.010183
2 0.482160 0.464185 0.002565 0.004916
2 0.507346 0.459796 0.002565 0.004565
2 0.499650 0.459094 0.001632 0.004565
2 0.534981 0.457163 0.005597 0.007725
2 0.549324 0.452247 0.002099 0.003511
2 0.553055 0.453125 0.003032 0.007374
2 0.520522 0.454705 0.009328 0.017556
2 0.511194 0.450316 0.007463 0.012992
2 0.787663 0.442942 0.002099 0.002458
2 0.553521 0.441713 0.003032 0.006320
2 0.486007 0.438904 0.002332 0.004916
2 0.483092 0.428020 0.002099 0.004213
2 0.751982 0.276510 0.003032 0.003862
3 0.814949 0.671348 0.018424 0.047753