0 0.615905 0.883954 0.005131 0.008076
0 0.585005 0.776159 0.003032 0.003862
0 0.539179 0.773174 0.004198 0.005618
0 0.411381 0.762640 0.002332 0.004213
0 0.513526 0.749122 0.002799 0.005267
0 0.676189 0.694347 0.002565 0.003862
0 0.777635 0.694522 0.004897 0.007725
0 0.641091 0.680302 0.001866 0.003160
0 0.666161 0.645190 0.002565 0.004565
0 0.489156 0.614466 0.003032 0.005618
0 0.364855 0.521594 0.003498 0.005969
0 0.567864 0.505794 0.003265 0.005969
0 0.375350 0.503687 0.003965 0.005969
0 0.385261 0.503160 0.003265 0.005618
0 0.777868 0.484551 0.003965 0.004916
0 0.569729 0.448736 0.006063 0.011236
0 0.675840 0.442240 0.003265 0.004565
0 0.616488 0.416784 0.002565 0.004213
0 0.740438 0.407303 0.003265 0.004916
0 0.645289 0.342170 0.003265 0.005267
0 0.573228 0.287044 0.004198 0.006671
0 0.600047 0.257725 0.003731 0.006320
0 0.602495 0.243153 0.003032 0.004565
1 0.406833 0.783006 0.013759 0.009831
1 0.239272 0.784235 0.008396 0.015098
1 0.602845 0.774579 0.006530 0.007022
1 0.409515 0.770365 0.005597 0.009831
1 0.537430 0.757374 0.015625 0.018258
1 0.735774 0.740871 0.010261 0.016152
1 0.616255 0.677493 0.002099 0.005969
1 0.675373 0.658181 0.006996 0.010183
1 0.686567 0.644838 0.010261 0.027739
1 0.679338 0.614993 0.027519 0.031952
1 0.575676 0.605688 0.017957 0.028792
1 0.422108 0.599719 0.011194 0.018961
1 0.598181 0.555829 0.013526 0.018258
1 0.790928 0.528617 0.008629 0.008778
1 0.661730 0.497893 0.009562 0.010534
1 0.626399 0.453301 0.004664 0.011236
1 0.611357 0.418890 0.007229 0.005618
1 0.524254 0.327774 0.012593 0.016503
1 0.516908 0.317416 0.010028 0.014045
1 0.805271 0.275456 0.013060 0.017205
1 0.602729 0.231917 0.008629 0.018610
1 0.380364 0.228933 0.023321 0.024579
2 0.619520 0.692240 0.004431 0.006671
2 0.553172 0.623069 0.002332 0.003160
2 0.561334 0.617626 0.004664 0.006320
2 0.552122 0.615520 0.002099 0.002809
2 0.551772 0.601124 0.002332 0.003511
2 0.603078 0.594803 0.002799 0.004916
2 0.609841 0.567591 0.004198 0.005969
2 0.618587 0.558989 0.002565 0.004213
2 0.580107 0.546173 0.001632 0.002458
2 0.407533 0.538624 0.001632 0.003511
2 0.409165 0.535112 0.002565 0.003511
2 0.402985 0.534937 0.001399 0.003160
2 0.390275 0.533708 0.003498 0.006320
2 0.383162 0.531777 0.002799 0.003862
2 0.414646 0.530197 0.002332 0.003511
2 0.385844 0.529319 0.002099 0.003160
2 0.394590 0.527212 0.002332 0.003160
2 0.540578 0.526685 0.002332 0.003511
2 0.391674 0.526334 0.002099 0.003511
2 0.397971 0.527037 0.002565 0.007022
2 0.408465 0.527212 0.004897 0.008076
2 0.428871 0.525632 0.002799 0.005618
2 0.381413 0.525456 0.005830 0.005969
2 0.405434 0.521067 0.002565 0.003511
2 0.389925 0.520541 0.003731 0.004565
2 0.440182 0.514221 0.003032 0.006671
2 0.442514 0.510885 0.001166 0.002107
2 0.450210 0.510007 0.002099 0.003862
2 0.415578 0.510358 0.002799 0.004565
2 0.409398 0.498420 0.003965 0.008778
2 0.388876 0.483146 0.002099 0.004916
2 0.523554 0.350246 0.003731 0.003862
2 0.529734 0.345857 0.005830 0.006320
2 0.737990 0.120962 0.005364 0.005969