0 0.694380 0.958919 0.006763 0.010534
0 0.714669 0.873244 0.006297 0.011236
0 0.493703 0.861482 0.003265 0.005267
0 0.404268 0.858146 0.008162 0.011236
0 0.527285 0.843926 0.004664 0.007374
0 0.611707 0.839712 0.003731 0.005969
0 0.725163 0.829705 0.005364 0.007725
0 0.613456 0.827072 0.005364 0.008778
0 0.787663 0.820751 0.004431 0.008778
0 0.727729 0.741046 0.006297 0.009480
0 0.688783 0.734726 0.003032 0.004565
0 0.759212 0.734551 0.003498 0.005618
0 0.522271 0.621489 0.003498 0.006320
0 0.675840 0.615169 0.004198 0.006320
0 0.688666 0.612008 0.004664 0.007022
0 0.591068 0.607093 0.003498 0.005618
0 0.688316 0.597437 0.005364 0.008778
0 0.116371 0.586728 0.006996 0.007725
0 0.690182 0.578301 0.004897 0.007022
0 0.113106 0.563378 0.003265 0.005267
0 0.074160 0.563027 0.004198 0.007374
0 0.558419 0.550211 0.003498 0.006320
0 0.475979 0.543539 0.004198 0.006320
0 0.566115 0.531777 0.004897 0.007374
0 0.625933 0.522999 0.003265 0.005267
0 0.643773 0.514396 0.004897 0.008427
0 0.073927 0.511938 0.005597 0.009831
0 0.696595 0.493153 0.003265 0.004565
0 0.586870 0.483497 0.006297 0.010534
0 0.724697 0.472963 0.004897 0.007725
0 0.522854 0.468399 0.002332 0.003511
0 0.582090 0.459796 0.002799 0.003862
0 0.701726 0.459445 0.003731 0.005267
0 0.575326 0.459094 0.003265 0.005267
0 0.834305 0.449263 0.004897 0.006671
0 0.419660 0.431004 0.005364 0.007374
0 0.666511 0.429951 0.003731 0.005969
0 0.807603 0.415730 0.006530 0.009129
0 0.804804 0.405723 0.004664 0.007374
0 0.741954 0.386587 0.008162 0.011236
0 0.699860 0.371313 0.004198 0.006671
0 0.690998 0.371664 0.005131 0.009480
0 0.355410 0.358673 0.002799 0.003862
0 0.588270 0.343750 0.005830 0.007725
0 0.746618 0.342346 0.005830 0.009129
0 0.664995 0.341117 0.005830 0.008076
0 0.722715 0.334796 0.005597 0.008076
0 0.653102 0.318820 0.006763 0.009831
0 0.340252 0.307935 0.003731 0.006320
0 0.642724 0.309164 0.006063 0.010885
0 0.696362 0.295471 0.003731 0.005267
0 0.685751 0.244733 0.005830 0.009129
0 0.695429 0.237360 0.005131 0.008427
0 0.409632 0.231742 0.008162 0.010534
0 0.763876 0.209621 0.005364 0.008427
0 0.752915 0.198912 0.002099 0.003862
0 0.748251 0.192942 0.003032 0.003862
0 0.768540 0.185218 0.003965 0.005969
0 0.443913 0.186973 0.005830 0.009480
0 0.572295 0.157654 0.003265 0.005618
0 0.655317 0.132900 0.004664 0.007374
0 0.730410 0.118153 0.006063 0.008076
0 0.723531 0.115520 0.004897 0.007725
0 0.462803 0.077423 0.004897 0.007374
0 0.465135 0.057760 0.003032 0.004565
0 0.590135 0.045471 0.003498 0.005267
1 0.542794 0.793013 0.008162 0.015801
1 0.705107 0.769487 0.008629 0.017907
1 0.753382 0.746664 0.005830 0.017205
1 0.706973 0.713659 0.006763 0.019312
1 0.119869 0.702423 0.011194 0.019312
1 0.138876 0.672051 0.009095 0.022472
1 0.709072 0.528968 0.011894 0.017907
1 0.765742 0.524403 0.007229 0.017907
1 0.590252 0.500176 0.013060 0.024228
1 0.555271 0.485604 0.012593 0.011236
1 0.703242 0.468926 0.008162 0.012992
1 0.567980 0.465063 0.006297 0.012289
1 0.501516 0.460499 0.010028 0.010183
1 0.842584 0.433638 0.015392 0.037219
1 0.673857 0.399403 0.008162 0.019312
1 0.697878 0.387640 0.008629 0.014747
1 0.826842 0.370787 0.008629 0.016854
1 0.119520 0.351124 0.013293 0.020365
1 0.735891 0.345506 0.006763 0.013343
1 0.760961 0.330758 0.005131 0.009129
1 0.749650 0.321980 0.009095 0.008427
1 0.735541 0.323560 0.011660 0.013694
1 0.675140 0.225070 0.015392 0.016152
1 0.725513 0.227528 0.020522 0.037921
1 0.641091 0.127282 0.008862 0.012992
1 0.709888 0.116573 0.016325 0.021770
2 0.713036 0.658708 0.006297 0.007022
2 0.639576 0.456636 0.004431 0.006671
2 0.578242 0.451369 0.004897 0.010183
2 0.719100 0.445049 0.004897 0.006671
2 0.652635 0.429424 0.007229 0.015449
2 0.637477 0.414326 0.003032 0.004916
2 0.616604 0.323912 0.001866 0.002458
2 0.619986 0.321454 0.002099 0.003160
2 0.653801 0.285463 0.005364 0.009129
2 0.422691 0.242978 0.005830 0.006320
2 0.690998 0.210499 0.004198 0.008076
2 0.622785 0.194522 0.003965 0.005618
2 0.655900 0.200140 0.012826 0.023876
2 0.662780 0.183462 0.005597 0.009480
2 0.625933 0.183638 0.006530 0.009831
2 0.640159 0.176791 0.008862 0.010183
2 0.632579 0.173279 0.002565 0.006671
2 0.622785 0.173982 0.012826 0.015098
3 0.348298 0.980513 0.022155 0.031952
3 0.230061 0.957514 0.018424 0.042135
3 0.206040 0.916959 0.014692 0.027739
3 0.318447 0.893434 0.019823 0.045295
3 0.137826 0.835674 0.014925 0.023174
3 0.126166 0.744909 0.029384 0.046699