0 0.375466 0.901510 0.004198 0.005969
0 0.244403 0.869206 0.004198 0.005267
0 0.112174 0.696805 0.003731 0.006671
0 0.580574 0.651334 0.004431 0.006320
0 0.233326 0.604459 0.003032 0.004565
0 0.327775 0.602704 0.003032 0.004565
0 0.233909 0.596208 0.002332 0.003511
0 0.247785 0.525105 0.004897 0.006671
0 0.319030 0.274930 0.004664 0.007022
0 0.394240 0.144838 0.002099 0.003160
0 0.341884 0.141152 0.001866 0.002809
0 0.412313 0.132725 0.004664 0.007022
1 0.353895 0.893961 0.003965 0.009831
1 0.321828 0.519487 0.006063 0.005267
1 0.401119 0.138167 0.008862 0.015098
1 0.387360 0.069522 0.033116 0.049860
2 0.237174 0.836903 0.003731 0.005969
2 0.186334 0.817416 0.002332 0.004916
2 0.169076 0.794944 0.001866 0.002809
2 0.185751 0.792662 0.006297 0.010183
2 0.196012 0.789853 0.010494 0.010183
2 0.162896 0.782830 0.001632 0.003160
2 0.195546 0.782654 0.002099 0.003511
2 0.226329 0.780899 0.001166 0.003511
2 0.206740 0.775281 0.007229 0.014045
2 0.141091 0.763518 0.001399 0.004565
2 0.222481 0.764045 0.010261 0.014747
2 0.145522 0.760885 0.005131 0.010534
2 0.206973 0.756320 0.003032 0.004916
2 0.186917 0.759831 0.004897 0.011938
2 0.652402 0.755794 0.006297 0.010183
2 0.154151 0.754389 0.011194 0.012992
2 0.207789 0.748069 0.001866 0.003160
2 0.203008 0.748420 0.004431 0.005969
2 0.178172 0.749122 0.010261 0.016503
2 0.689132 0.741573 0.002799 0.004916
2 0.671175 0.734902 0.001866 0.004916
2 0.166744 0.740169 0.006996 0.023174
2 0.156133 0.729635 0.002099 0.002809
2 0.148671 0.729459 0.001632 0.002458
2 0.159165 0.722788 0.002099 0.004565
2 0.343050 0.675562 0.008862 0.015449
2 0.792677 0.644838 0.003731 0.003862
2 0.351796 0.641854 0.003498 0.004916
2 0.161964 0.636763 0.001632 0.002458
2 0.349813 0.631145 0.002799 0.004565
2 0.354478 0.629565 0.003265 0.008427
2 0.154967 0.624298 0.003965 0.004916
2 0.359142 0.624473 0.003265 0.009480
2 0.352962 0.621840 0.003032 0.006320
2 0.363340 0.618504 0.003265 0.006671
2 0.148438 0.616397 0.001632 0.003160
2 0.219450 0.622015 0.006996 0.017205
2 0.150536 0.614466 0.001632 0.002809
2 0.446362 0.614817 0.004664 0.004213
2 0.336754 0.613764 0.004664 0.005618
2 0.171409 0.615169 0.007929 0.014045
2 0.145639 0.610077 0.003965 0.004565
2 0.145872 0.604810 0.001632 0.002458
2 0.142957 0.605162 0.001866 0.003160
2 0.157999 0.611131 0.010494 0.017205
2 0.167094 0.602177 0.001632 0.002107
2 0.178755 0.602353 0.004431 0.006671
2 0.161847 0.597086 0.002332 0.003160
2 0.149604 0.597612 0.002099 0.004213
2 0.169426 0.596559 0.002565 0.004213
2 0.437383 0.600772 0.007696 0.013343
2 0.172691 0.596208 0.002565 0.004916
2 0.142141 0.596735 0.003498 0.008778
2 0.156483 0.593574 0.004198 0.008076
2 0.165345 0.589361 0.001399 0.002458
2 0.151003 0.590590 0.003498 0.005618
2 0.447411 0.585499 0.001632 0.002458
2 0.444729 0.582865 0.001866 0.004213
2 0.171758 0.584972 0.005364 0.009129
2 0.446129 0.579178 0.001399 0.001756
2 0.441698 0.578476 0.001399 0.002458
2 0.292561 0.576369 0.003965 0.003862
2 0.604011 0.576194 0.004664 0.007725
2 0.158465 0.569347 0.010028 0.012289
2 0.610191 0.531777 0.004897 0.010183
2 0.606926 0.503511 0.003498 0.004213
2 0.678405 0.481742 0.002799 0.004213
2 0.255947 0.436271 0.001632 0.002458
2 0.133396 0.418890 0.001399 0.002809
2 0.128965 0.414677 0.002332 0.003511
2 0.125816 0.412570 0.002099 0.004213
2 0.650886 0.409235 0.004664 0.009480
2 0.639459 0.408708 0.004198 0.009129
2 0.158116 0.402739 0.002332 0.002809
2 0.172575 0.402739 0.002332 0.004213
2 0.656017 0.396594 0.002799 0.005267
2 0.651936 0.397823 0.003965 0.009129
2 0.153335 0.387992 0.001166 0.001404
2 0.168144 0.394312 0.013993 0.021067
2 0.158465 0.383954 0.001166 0.001756
2 0.148088 0.383427 0.002332 0.003511
2 0.655667 0.383954 0.003498 0.008778
2 0.167677 0.380794 0.001399 0.003862
2 0.170826 0.376053 0.001632 0.002809
2 0.135844 0.375176 0.004431 0.003862
2 0.146922 0.373947 0.001399 0.003511
2 0.649254 0.372718 0.002799 0.004565
2 0.652868 0.370787 0.003498 0.005618
2 0.241371 0.351826 0.006063 0.009129
2 0.247201 0.333919 0.008396 0.012640
2 0.261427 0.329529 0.001866 0.004565
2 0.155434 0.299157 0.002565 0.004213
2 0.197295 0.267732 0.002799 0.004565
2 0.602845 0.266678 0.003265 0.005267
2 0.439832 0.236657 0.005597 0.008427
2 0.357393 0.233497 0.002099 0.007725
2 0.434935 0.230688 0.001399 0.002809
2 0.437850 0.229810 0.001632 0.001756
2 0.430387 0.227528 0.001632 0.002809
2 0.283116 0.225772 0.002799 0.003511
2 0.283349 0.220681 0.001399 0.002458
2 0.288946 0.215765 0.000933 0.001053
2 0.220033 0.217346 0.002099 0.007725
2 0.428521 0.210323 0.001632 0.003511
2 0.256180 0.209270 0.001632 0.002809
2 0.290112 0.206636 0.001399 0.002458
2 0.259678 0.206812 0.001166 0.002809
2 0.275536 0.204529 0.001632 0.001756
2 0.270173 0.204178 0.001166 0.003160
2 0.236590 0.202774 0.001166 0.002458
2 0.267141 0.198034 0.001166 0.002107
2 0.260378 0.194874 0.002565 0.005618
2 0.417444 0.192065 0.001399 0.002809
2 0.427006 0.190660 0.001399 0.004213
2 0.401003 0.191011 0.003032 0.004916
2 0.276936 0.187851 0.001166 0.001404
2 0.234375 0.190836 0.005131 0.007374
2 0.417327 0.184164 0.002565 0.003160
2 0.250816 0.189782 0.008629 0.014396
2 0.238106 0.182935 0.000933 0.002107
2 0.269123 0.181355 0.000933 0.001053
2 0.397971 0.183111 0.003032 0.005267
2 0.421992 0.182584 0.001632 0.004916
2 0.414646 0.180478 0.004664 0.006320
2 0.265625 0.179249 0.002799 0.004565
2 0.249650 0.175737 0.002099 0.003160
2 0.284398 0.174860 0.002099 0.002809
2 0.410564 0.172753 0.001632 0.002809
2 0.416395 0.172577 0.002099 0.003160
2 0.252799 0.173104 0.002332 0.004213
2 0.417444 0.169593 0.001399 0.002809
2 0.248018 0.169242 0.003498 0.004916
2 0.239389 0.167135 0.001632 0.003511
2 0.286614 0.165555 0.001866 0.003160
2 0.261660 0.170822 0.012127 0.015098
2 0.242771 0.165730 0.003265 0.004916
2 0.246618 0.162395 0.001166 0.001756
2 0.251166 0.159586 0.001399 0.003160
2 0.406716 0.163272 0.007463 0.011236
2 0.399953 0.153792 0.002332 0.002809
2 0.251632 0.151861 0.000933 0.001756
2 0.393773 0.150281 0.002099 0.002809
2 0.385378 0.152212 0.003965 0.008778
2 0.376632 0.150983 0.001866 0.006320
2 0.373717 0.149052 0.001632 0.002458
2 0.391908 0.142732 0.002099 0.003862
2 0.403451 0.143961 0.010261 0.016152
2 0.420243 0.144838 0.012127 0.024930
2 0.436217 0.132725 0.002099 0.006320
2 0.434235 0.130794 0.001399 0.002458
2 0.416161 0.127458 0.001632 0.002809
2 0.420243 0.130091 0.005597 0.011587
2 0.390042 0.126756 0.007696 0.013343
2 0.430154 0.124649 0.004897 0.014045
2 0.391091 0.110604 0.001866 0.002809
2 0.428405 0.105688 0.005131 0.008427
2 0.402169 0.108146 0.005364 0.013343
2 0.410331 0.113062 0.016091 0.025983
2 0.411730 0.096559 0.001632 0.002809
2 0.403918 0.096559 0.002332 0.002809
2 0.305620 0.094979 0.000700 0.001756
2 0.416744 0.067767 0.008862 0.011236
2 0.673274 0.051440 0.006530 0.017907
2 0.491488 0.044417 0.003032 0.007374
2 0.466884 0.028265 0.004664 0.008778
2 0.604361 0.009305 0.001166 0.001756
2 0.570779 0.006496 0.002565 0.008778
2 0.590135 0.005267 0.013759 0.009831