0 0.475163 0.918715 0.007696 0.012289
0 0.313666 0.896067 0.004198 0.005618
0 0.680970 0.628511 0.008396 0.011938
0 0.087337 0.568294 0.007696 0.011587
0 0.719916 0.546348 0.005131 0.007725
0 0.379431 0.464888 0.006063 0.008427
0 0.675606 0.355162 0.004198 0.005969
0 0.656833 0.355162 0.003498 0.005969
0 0.637710 0.331110 0.003032 0.004916
0 0.429104 0.258251 0.005131 0.008076
0 0.540345 0.203125 0.002799 0.004565
1 0.331623 0.815660 0.013993 0.016854
1 0.257812 0.797402 0.013293 0.022472
1 0.240788 0.668364 0.011894 0.019312
1 0.773671 0.640098 0.035215 0.068118
1 0.710471 0.526510 0.014692 0.029143
1 0.400303 0.477528 0.023554 0.042837
1 0.351912 0.414150 0.016791 0.012992
1 0.362757 0.385007 0.016091 0.008076
1 0.692514 0.291608 0.015625 0.015801
2 0.429688 0.938027 0.005364 0.010885
2 0.290345 0.891327 0.003265 0.003862
2 0.281250 0.890625 0.003265 0.004565
2 0.434818 0.889923 0.005364 0.008076
2 0.605644 0.841468 0.005131 0.008076
2 0.595382 0.832514 0.002799 0.007725
2 0.596665 0.817240 0.003965 0.005969
2 0.192514 0.826545 0.016558 0.049860
2 0.424674 0.701721 0.002332 0.003862
2 0.421292 0.696278 0.003032 0.004213
2 0.443913 0.694698 0.002099 0.003160
2 0.442048 0.690485 0.002565 0.007374
2 0.445779 0.689431 0.003032 0.006671
2 0.486824 0.683989 0.004431 0.004213
2 0.455457 0.680302 0.001399 0.002458
2 0.413713 0.679951 0.003731 0.005267
2 0.472481 0.677844 0.009328 0.010885
2 0.404851 0.673279 0.005597 0.008076
2 0.449977 0.673631 0.004897 0.013694
2 0.474930 0.668539 0.004431 0.006320
2 0.423974 0.672928 0.009328 0.037570
2 0.391791 0.657128 0.005131 0.008778
2 0.497435 0.657654 0.008862 0.011938
2 0.379314 0.656601 0.004897 0.009831
2 0.501982 0.648701 0.003965 0.008778
2 0.606460 0.649052 0.005830 0.010183
2 0.419776 0.645014 0.001866 0.002809
2 0.439949 0.640801 0.005830 0.008427
2 0.504431 0.638167 0.002332 0.003862
2 0.495569 0.640976 0.005131 0.010885
2 0.454058 0.629565 0.003731 0.005618
2 0.414296 0.629389 0.004431 0.005969
2 0.421875 0.627985 0.006530 0.005267
2 0.429104 0.616397 0.003265 0.005267
2 0.395056 0.606390 0.005597 0.004916
2 0.236590 0.607619 0.005830 0.009480
2 0.397271 0.595506 0.005364 0.003511
2 0.381763 0.582338 0.004198 0.010885
2 0.386894 0.580232 0.003731 0.008778
2 0.365089 0.584270 0.010961 0.016854
2 0.421992 0.598490 0.040812 0.046699
2 0.631530 0.582514 0.016791 0.025983
2 0.381763 0.571980 0.004664 0.005618
2 0.395756 0.568996 0.001866 0.003862
2 0.635028 0.565133 0.002799 0.002458
2 0.373368 0.566538 0.002799 0.005969
2 0.619520 0.562676 0.005364 0.009480
2 0.640625 0.558287 0.002332 0.002809
2 0.607160 0.551440 0.005364 0.006671
2 0.445429 0.558638 0.013060 0.022472
2 0.644007 0.545822 0.002099 0.005267
2 0.639692 0.545471 0.002332 0.005267
2 0.632463 0.541081 0.001866 0.004916
2 0.465485 0.539677 0.002332 0.004213
2 0.445196 0.538097 0.004664 0.008076
2 0.619520 0.545295 0.021688 0.028792
2 0.463619 0.532654 0.002799 0.004213
2 0.637360 0.527914 0.002332 0.003160
2 0.606576 0.528441 0.003731 0.005618
2 0.444729 0.529846 0.006530 0.008427
2 0.625350 0.532654 0.009095 0.017556
2 0.456740 0.528090 0.003965 0.010534
2 0.471665 0.524930 0.005364 0.007022
2 0.475863 0.521945 0.002099 0.003160
2 0.637943 0.521594 0.002565 0.003862
2 0.602379 0.517381 0.003265 0.008778
2 0.664995 0.514396 0.005830 0.007022
2 0.454291 0.510007 0.002799 0.005267
2 0.618470 0.509305 0.005597 0.009480
2 0.666278 0.502107 0.009795 0.004213
2 0.612174 0.501580 0.002799 0.003862
2 0.641091 0.501404 0.002799 0.004213
2 0.677589 0.500702 0.004431 0.007022
2 0.686567 0.500527 0.004198 0.007374
2 0.667910 0.497718 0.002332 0.003160
2 0.597715 0.497542 0.002799 0.004213
2 0.605527 0.493153 0.007229 0.006671
2 0.672108 0.489993 0.003265 0.003862
2 0.576726 0.487360 0.001399 0.002107
2 0.598064 0.485253 0.003032 0.004213
2 0.646572 0.484551 0.003032 0.003511
2 0.656483 0.475070 0.003731 0.006320
2 0.642374 0.475948 0.008629 0.009480
2 0.585471 0.478406 0.016558 0.016503
2 0.620802 0.482268 0.031716 0.029846
2 0.646922 0.467697 0.002799 0.002809
2 0.672458 0.465414 0.002099 0.001756
2 0.632229 0.463659 0.003731 0.003862
2 0.629198 0.458567 0.006996 0.002809
2 0.586404 0.459796 0.005364 0.011587
2 0.635728 0.454705 0.003731 0.007725
2 0.604128 0.454705 0.011894 0.016152
2 0.661147 0.448385 0.007463 0.010534
2 0.625466 0.452774 0.011194 0.019312
2 0.637243 0.439607 0.002565 0.002809
2 0.678288 0.443469 0.005830 0.012640
2 0.495569 0.439782 0.002799 0.005267
2 0.626516 0.435042 0.001632 0.002809
2 0.680387 0.433638 0.001166 0.002107
2 0.481576 0.432935 0.001866 0.002107
2 0.437267 0.432233 0.003731 0.004916
2 0.458372 0.428371 0.002565 0.003511
2 0.310634 0.430478 0.011194 0.008427
2 0.596898 0.428195 0.003965 0.006671
2 0.680037 0.425913 0.001866 0.003511
2 0.625700 0.428195 0.006063 0.009480
2 0.655784 0.423806 0.003731 0.009129
2 0.598647 0.420822 0.001866 0.003160
2 0.615555 0.426615 0.010028 0.021067
2 0.605877 0.413097 0.002332 0.003862
2 0.623717 0.415555 0.007229 0.010885
2 0.457323 0.412921 0.006530 0.007725
2 0.613456 0.412044 0.003032 0.007374
2 0.469916 0.411166 0.004664 0.007022
2 0.687500 0.404846 0.001399 0.002809
2 0.467234 0.403792 0.001632 0.002107
2 0.454991 0.402739 0.003265 0.004213
2 0.639692 0.402037 0.001866 0.003511
2 0.633629 0.401861 0.002332 0.003862
2 0.427472 0.400983 0.002799 0.002809
2 0.616838 0.401334 0.003265 0.004213
2 0.623484 0.399403 0.004897 0.006671
2 0.422924 0.397472 0.001632 0.002809
2 0.635961 0.396945 0.001866 0.002458
2 0.606227 0.397472 0.002099 0.003511
2 0.610075 0.395716 0.002332 0.003511
2 0.689016 0.395365 0.003965 0.004213
2 0.638993 0.394838 0.002332 0.005267
2 0.636427 0.393610 0.002799 0.003511
2 0.428638 0.393610 0.002799 0.004213
2 0.694263 0.392556 0.003265 0.007022
2 0.607160 0.390098 0.002565 0.004213
2 0.429804 0.386412 0.003265 0.005267
2 0.604594 0.385007 0.003032 0.004565
2 0.507812 0.384305 0.001632 0.003862
2 0.630714 0.379740 0.003032 0.003862
2 0.600280 0.379740 0.003265 0.005267
2 0.422808 0.380091 0.004664 0.005969
2 0.503848 0.377107 0.001632 0.002809
2 0.415812 0.379389 0.007463 0.008778
2 0.435401 0.375527 0.002799 0.004565
2 0.598298 0.372015 0.003032 0.005969
2 0.406367 0.380794 0.009562 0.023525
2 0.713853 0.370435 0.003265 0.007022
2 0.399487 0.366222 0.005131 0.008427
2 0.618587 0.360253 0.003032 0.004213
2 0.659282 0.359375 0.003731 0.003862
2 0.712220 0.360604 0.004198 0.007022
2 0.456507 0.356566 0.005364 0.013694
2 0.433652 0.359024 0.010961 0.021419
2 0.501166 0.348841 0.002332 0.003862
2 0.689366 0.346559 0.004664 0.007022
2 0.510728 0.344452 0.006063 0.007022
2 0.503498 0.342697 0.002332 0.003511
2 0.435634 0.339712 0.002332 0.004565
2 0.445779 0.341292 0.006763 0.011938
2 0.492071 0.334094 0.001866 0.005267
2 0.523787 0.333919 0.012593 0.011938
2 0.425257 0.328301 0.004431 0.007022
2 0.544660 0.326194 0.008629 0.007725
2 0.505714 0.321103 0.002099 0.003160
2 0.500933 0.323560 0.003731 0.010183
2 0.452192 0.326194 0.006530 0.017556
2 0.522388 0.320927 0.010261 0.011938
2 0.403218 0.321278 0.006530 0.013343
2 0.435984 0.319171 0.015625 0.012640
2 0.551656 0.318645 0.006297 0.012289
2 0.543843 0.315133 0.004664 0.005969
2 0.556203 0.310218 0.002332 0.003862
2 0.478195 0.313202 0.009562 0.009831
2 0.546525 0.310393 0.003498 0.004916
2 0.666045 0.308638 0.008396 0.011236
2 0.454524 0.310042 0.006996 0.015449
2 0.414179 0.306706 0.006996 0.009480
2 0.514109 0.301791 0.005364 0.016503
2 0.501982 0.297402 0.006763 0.008427
2 0.393890 0.303546 0.007929 0.022121
2 0.550257 0.289150 0.002565 0.003160
2 0.495802 0.288624 0.002799 0.003511
2 0.499184 0.288272 0.002099 0.003511
2 0.550723 0.283883 0.002565 0.003862
2 0.407649 0.283708 0.015392 0.033708
2 0.537663 0.273350 0.010961 0.015098
2 0.491488 0.270892 0.004431 0.011587
2 0.432603 0.286166 0.026586 0.045646
2 0.571828 0.253862 0.006063 0.006320
2 0.528102 0.239817 0.005830 0.009831
2 0.430504 0.235428 0.002799 0.003160
2 0.444030 0.228757 0.004198 0.005969
2 0.433069 0.227528 0.005131 0.007022
2 0.521572 0.159059 0.004431 0.005618
2 0.476329 0.159059 0.002565 0.005618
2 0.532766 0.155372 0.007229 0.008076
2 0.498251 0.152037 0.014226 0.014045
2 0.512243 0.133778 0.003032 0.004916
2 0.457323 0.138167 0.027519 0.020716
2 0.526702 0.127458 0.002565 0.003511
2 0.495802 0.128687 0.013993 0.020014
2 0.541511 0.122015 0.010261 0.014396
2 0.182952 0.104108 0.007229 0.013694
2 0.555854 0.108673 0.011894 0.027037
2 0.450210 0.102177 0.004897 0.015449
2 0.189599 0.071454 0.010728 0.025632
2 0.242421 0.047753 0.005830 0.012640
2 0.245802 0.023876 0.001866 0.003511
2 0.226096 0.017556 0.006297 0.006320
2 0.242071 0.004916 0.008862 0.009831
3 0.811451 0.624122 0.026819 0.050913
3 0.370103 0.510885 0.020056 0.033708
3 0.663829 0.254565 0.024021 0.033708
3 0.683885 0.096208 0.032416 0.034410