0 0.524604 0.927669 0.004431 0.004213
0 0.459538 0.926088 0.003498 0.005267
0 0.268657 0.912219 0.004198 0.006320
0 0.754431 0.885534 0.009328 0.010534
0 0.535914 0.859199 0.003731 0.006320
0 0.534165 0.849544 0.002565 0.004565
0 0.511777 0.849719 0.004431 0.007022
0 0.325210 0.842872 0.008629 0.008778
0 0.446945 0.820225 0.005364 0.008427
0 0.579874 0.815485 0.005364 0.008778
0 0.568447 0.808111 0.006763 0.009480
0 0.560984 0.783357 0.003498 0.006320
0 0.500233 0.769487 0.006530 0.005969
0 0.305970 0.766327 0.003731 0.008778
0 0.509095 0.760534 0.004664 0.004916
0 0.479128 0.727177 0.003032 0.004916
0 0.423391 0.722963 0.003965 0.005618
0 0.501283 0.713132 0.003498 0.004213
0 0.597481 0.704003 0.003265 0.008427
0 0.606693 0.695751 0.005364 0.007374
0 0.543493 0.698912 0.010494 0.014396
0 0.353661 0.689607 0.007229 0.009129
0 0.545476 0.685569 0.003265 0.003862
0 0.790928 0.687149 0.005364 0.011236
0 0.510961 0.676791 0.004198 0.006671
0 0.594916 0.671524 0.002799 0.004565
0 0.516441 0.669066 0.006297 0.008076
0 0.597715 0.664677 0.003731 0.006320
0 0.524604 0.659937 0.003498 0.003862
0 0.522738 0.655723 0.003032 0.003862
0 0.511194 0.645716 0.001866 0.004213
0 0.686684 0.640449 0.003032 0.004213
0 0.496152 0.642556 0.007696 0.010534
0 0.724464 0.628336 0.003965 0.005267
0 0.508279 0.614115 0.003032 0.004213
0 0.407649 0.587956 0.003731 0.005267
0 0.099580 0.585147 0.005131 0.010183
0 0.617304 0.569698 0.002799 0.003862
0 0.496269 0.564431 0.006996 0.011587
0 0.254198 0.560744 0.005597 0.007725
0 0.331856 0.554951 0.004664 0.005267
0 0.676772 0.538097 0.004664 0.007374
0 0.650536 0.529670 0.003965 0.006671
0 0.292561 0.522121 0.003965 0.005618
0 0.734958 0.518961 0.003498 0.006320
0 0.762826 0.480162 0.006063 0.008778
0 0.291861 0.461728 0.004897 0.006320
0 0.288013 0.454529 0.003731 0.005969
0 0.632579 0.452247 0.004431 0.007022
0 0.285564 0.439431 0.003965 0.005267
0 0.285098 0.421524 0.003032 0.005969
0 0.687034 0.418715 0.006063 0.008778
0 0.734725 0.416784 0.003965 0.007022
0 0.695196 0.414501 0.004664 0.008778
0 0.281017 0.412044 0.002332 0.004565
0 0.306670 0.407128 0.002332 0.004565
0 0.276702 0.408357 0.003965 0.007725
0 0.680154 0.405899 0.003498 0.006320
0 0.701959 0.393961 0.005597 0.009129
0 0.314249 0.363940 0.002565 0.005267
0 0.580690 0.365520 0.006530 0.009831
0 0.629198 0.352353 0.003265 0.004565
0 0.782066 0.341643 0.005830 0.006320
0 0.595849 0.340414 0.004198 0.004565
0 0.579524 0.331285 0.004664 0.008076
0 0.661147 0.332865 0.008396 0.012640
0 0.589319 0.330407 0.005131 0.011938
0 0.659398 0.322331 0.003965 0.005618
0 0.754314 0.314782 0.005364 0.010183
0 0.718867 0.308813 0.005830 0.010183
0 0.742071 0.294242 0.005597 0.009831
0 0.235891 0.291433 0.005364 0.007725
0 0.626866 0.287921 0.009795 0.014747
0 0.558769 0.234375 0.006530 0.008778
0 0.320079 0.212254 0.006763 0.009480
0 0.518773 0.207338 0.004431 0.007374
0 0.633629 0.200140 0.008396 0.012640
0 0.532066 0.195927 0.006297 0.008427
0 0.377332 0.172402 0.003265 0.004213
0 0.531017 0.160288 0.006063 0.008778
0 0.448811 0.152037 0.003498 0.006320
0 0.599114 0.131671 0.006996 0.009831
0 0.520639 0.123947 0.003965 0.005618
0 0.406483 0.125351 0.004664 0.008427
0 0.390975 0.119206 0.004431 0.005267
0 0.598414 0.115169 0.004198 0.006320
0 0.610774 0.111657 0.004198 0.007022
0 0.412430 0.101475 0.003498 0.005618
0 0.664529 0.038097 0.004897 0.008076
1 0.377449 0.933989 0.011894 0.009129
1 0.729011 0.925562 0.014459 0.007725
1 0.353895 0.923982 0.016091 0.017205
1 0.617188 0.900281 0.013293 0.021770
1 0.631297 0.890098 0.007929 0.013343
1 0.404035 0.880969 0.019823 0.015449
1 0.342817 0.875176 0.014925 0.017907
1 0.642491 0.863764 0.006996 0.010534
1 0.697878 0.875351 0.040345 0.056180
1 0.748951 0.853933 0.007229 0.014747
1 0.731227 0.841643 0.013759 0.017556
1 0.565532 0.800386 0.035448 0.024930
1 0.508512 0.724544 0.008162 0.008778
1 0.133629 0.674684 0.009795 0.025632
1 0.224347 0.639045 0.015392 0.033006
1 0.543727 0.571454 0.018424 0.029143
1 0.274137 0.440309 0.019823 0.035815
1 0.715252 0.410288 0.019123 0.030548
1 0.634328 0.407128 0.039646 0.033357
1 0.603545 0.395014 0.011194 0.014045
1 0.630714 0.376931 0.021688 0.022121
1 0.661614 0.372893 0.009795 0.022472
1 0.560285 0.321629 0.008162 0.020365
1 0.230177 0.324789 0.016791 0.026685
1 0.641208 0.294768 0.019356 0.024228
1 0.752915 0.293188 0.010961 0.022472
1 0.766908 0.279846 0.008629 0.012640
1 0.788013 0.258076 0.010261 0.018961
1 0.645056 0.172051 0.015858 0.016152
1 0.506180 0.175211 0.042677 0.039326
1 0.582789 0.118855 0.018657 0.019312
1 0.503498 0.034410 0.012127 0.023174
2 0.751866 0.859726 0.009328 0.010885
2 0.683419 0.855513 0.005830 0.005969
2 0.746618 0.849368 0.007696 0.012640
2 0.335005 0.802142 0.004897 0.005267
2 0.215835 0.801088 0.003032 0.003862
2 0.165462 0.772823 0.010028 0.014045
2 0.513176 0.764396 0.004897 0.007022
2 0.390159 0.754916 0.003265 0.004916
2 0.519356 0.748771 0.001866 0.003160
2 0.176073 0.750702 0.005131 0.008427
2 0.476796 0.748069 0.002565 0.003862
2 0.415928 0.748069 0.003032 0.004565
2 0.380714 0.749649 0.006763 0.009129
2 0.564132 0.746489 0.002799 0.004213
2 0.544776 0.749649 0.008396 0.011236
2 0.533465 0.745787 0.003032 0.004213
2 0.388993 0.747015 0.004198 0.007374
2 0.421642 0.742978 0.003731 0.004213
2 0.538479 0.739993 0.001399 0.001756
2 0.571828 0.742275 0.006063 0.009129
2 0.547225 0.740169 0.003498 0.007022
2 0.576726 0.739642 0.005131 0.006671
2 0.388410 0.733146 0.004431 0.009831
2 0.527169 0.726475 0.009095 0.008427
2 0.467118 0.725421 0.001866 0.006320
2 0.401586 0.725772 0.008862 0.007022
2 0.472481 0.723139 0.002799 0.004565
2 0.534632 0.721383 0.002565 0.005267
2 0.414529 0.724192 0.011894 0.015098
2 0.487873 0.719803 0.003731 0.008427
2 0.403335 0.719277 0.003498 0.008076
2 0.355410 0.716468 0.002332 0.004565
2 0.394356 0.718399 0.008396 0.009129
2 0.370569 0.716117 0.003265 0.005267
2 0.480993 0.716643 0.009562 0.017556
2 0.529384 0.708216 0.006530 0.011938
2 0.515858 0.703827 0.002332 0.003160
2 0.414296 0.707865 0.006297 0.011938
2 0.480877 0.702949 0.005131 0.007725
2 0.403685 0.701018 0.009795 0.006671
2 0.512593 0.699965 0.002799 0.008778
2 0.574743 0.709972 0.020756 0.032303
2 0.519356 0.694522 0.005131 0.008427
2 0.499883 0.690836 0.008629 0.009480
2 0.485774 0.688027 0.013060 0.017907
2 0.617654 0.681531 0.003498 0.007022
2 0.597248 0.677493 0.005131 0.006671
2 0.498834 0.676440 0.002799 0.005267
2 0.525770 0.681706 0.005830 0.017205
2 0.503382 0.675562 0.003032 0.004916
2 0.612757 0.675211 0.004431 0.006320
2 0.581040 0.680829 0.011427 0.021770
2 0.566231 0.672577 0.006996 0.008076
2 0.324743 0.676615 0.011894 0.017556
2 0.494753 0.667486 0.003498 0.003511
2 0.502332 0.667837 0.002799 0.004916
2 0.580340 0.665204 0.003498 0.007374
2 0.590368 0.665379 0.006297 0.010534
2 0.333839 0.665730 0.009562 0.013343
2 0.481693 0.666257 0.007229 0.017907
2 0.468400 0.662746 0.008629 0.011587
2 0.475280 0.657654 0.002332 0.004213
2 0.610075 0.660639 0.007463 0.010885
2 0.574510 0.655548 0.002565 0.004916
2 0.452892 0.655197 0.003265 0.004213
2 0.390858 0.657128 0.009795 0.010885
2 0.090718 0.662219 0.011660 0.026685
2 0.694263 0.653441 0.005597 0.009831
2 0.586054 0.649930 0.006996 0.008427
2 0.567048 0.647999 0.003498 0.005267
2 0.601096 0.650281 0.012360 0.011938
2 0.475280 0.646945 0.006063 0.006671
2 0.590718 0.645716 0.002799 0.004916
2 0.460121 0.646770 0.004664 0.007725
2 0.342118 0.650983 0.011194 0.016854
2 0.455224 0.645365 0.003731 0.007022
2 0.447528 0.642907 0.005131 0.005618
2 0.467817 0.647647 0.008396 0.016503
2 0.670826 0.641503 0.003965 0.007022
2 0.486824 0.637114 0.002565 0.003862
2 0.110191 0.641327 0.010028 0.012992
2 0.594566 0.633603 0.003032 0.005267
2 0.086637 0.636412 0.006763 0.017205
2 0.340252 0.624649 0.003265 0.004916
2 0.333372 0.626756 0.004431 0.011236
2 0.499417 0.618153 0.002565 0.004565
2 0.666045 0.617100 0.004198 0.004565
2 0.612640 0.613588 0.005131 0.005267
2 0.473764 0.617626 0.009095 0.022472
2 0.483792 0.604986 0.003032 0.004916
2 0.309701 0.602879 0.004198 0.007022
2 0.643307 0.602177 0.004897 0.007725
2 0.085471 0.603055 0.006297 0.009480
2 0.611590 0.598490 0.003032 0.005267
2 0.631996 0.599719 0.006996 0.008427
2 0.523787 0.596910 0.004198 0.006320
2 0.468983 0.600246 0.007463 0.012992
2 0.297225 0.598315 0.009562 0.010534
2 0.578475 0.595857 0.003965 0.006320
2 0.364389 0.591994 0.005364 0.005618
2 0.349114 0.591468 0.003731 0.008076
2 0.306203 0.591994 0.007463 0.010534
2 0.276819 0.591117 0.006530 0.011587
2 0.295942 0.586903 0.002799 0.007374
2 0.718867 0.586728 0.004897 0.007725
2 0.269240 0.583919 0.002565 0.006320
2 0.296992 0.580583 0.001166 0.003160
2 0.671642 0.588132 0.013060 0.020365
2 0.264109 0.580407 0.003032 0.006320
2 0.717234 0.579529 0.003965 0.005969
2 0.663130 0.582514 0.008629 0.014747
2 0.364272 0.578827 0.003731 0.008778
2 0.281133 0.575492 0.005364 0.007022
2 0.461754 0.576194 0.005597 0.009831
2 0.585588 0.581636 0.008862 0.022121
2 0.454991 0.601299 0.027519 0.062149
2 0.321012 0.572156 0.004431 0.008076
2 0.272621 0.571454 0.004664 0.006671
2 0.661497 0.570576 0.003498 0.006320
2 0.300723 0.568820 0.003965 0.004213
2 0.602495 0.612886 0.035681 0.095154
2 0.246385 0.567942 0.003965 0.005267
2 0.241138 0.567065 0.001866 0.006320
2 0.432486 0.576369 0.015625 0.027739
2 0.343400 0.566187 0.004897 0.007374
2 0.612640 0.562851 0.003265 0.006320
2 0.076726 0.563729 0.005597 0.008076
2 0.457556 0.563027 0.007929 0.007374
2 0.620452 0.561271 0.003498 0.007374
2 0.633279 0.567416 0.015625 0.020365
2 0.316931 0.559340 0.002799 0.004213
2 0.586404 0.562149 0.008162 0.011938
2 0.295126 0.557935 0.006297 0.007022
2 0.320196 0.556355 0.001866 0.005969
2 0.617654 0.559164 0.005830 0.012289
2 0.275187 0.554951 0.003265 0.005267
2 0.613340 0.554249 0.003265 0.005267
2 0.725163 0.553371 0.003498 0.004916
2 0.755131 0.553546 0.004198 0.006671
2 0.580340 0.553195 0.007696 0.007374
2 0.098064 0.551791 0.003965 0.009480
2 0.693214 0.549333 0.005830 0.006671
2 0.739039 0.553546 0.005597 0.015801
2 0.642141 0.552493 0.012826 0.014396
2 0.642957 0.545295 0.002799 0.004916
2 0.275070 0.543715 0.003032 0.005267
2 0.648438 0.543715 0.003965 0.005969
2 0.671758 0.541608 0.003032 0.004565
2 0.266208 0.545119 0.006763 0.015098
2 0.615788 0.540028 0.003965 0.008427
2 0.321945 0.535990 0.002565 0.003862
2 0.283465 0.536692 0.003498 0.005969
2 0.731227 0.539853 0.009095 0.015098
2 0.373834 0.546699 0.016791 0.033708
2 0.270406 0.527739 0.002565 0.003511
2 0.077425 0.527739 0.004664 0.007725
2 0.607160 0.528090 0.004897 0.009831
2 0.580574 0.522296 0.008629 0.010885
2 0.281367 0.520365 0.003965 0.007022
2 0.663596 0.516854 0.003032 0.011236
2 0.637826 0.515274 0.004664 0.008778
2 0.654501 0.514045 0.010028 0.011236
2 0.590602 0.528968 0.020756 0.042486
2 0.720616 0.507725 0.005131 0.007022
2 0.565065 0.526159 0.027519 0.050211
2 0.701726 0.503687 0.004198 0.009480
2 0.246968 0.523876 0.027519 0.050562
2 0.662430 0.498771 0.003965 0.009480
2 0.605410 0.506496 0.008396 0.032654
2 0.705457 0.494031 0.009328 0.009129
2 0.368937 0.493855 0.005131 0.008778
2 0.281950 0.486306 0.003731 0.005618
2 0.739039 0.488413 0.005597 0.010534
2 0.304804 0.486306 0.005131 0.007022
2 0.716185 0.495084 0.015858 0.028792
2 0.238106 0.482444 0.002332 0.003511
2 0.586521 0.480513 0.009328 0.013694
2 0.242421 0.480337 0.005830 0.014747
2 0.720849 0.476124 0.008396 0.008427
2 0.653451 0.484375 0.019590 0.025632
2 0.678521 0.459621 0.006763 0.009831
2 0.612523 0.461025 0.013293 0.014045
2 0.733092 0.457865 0.003965 0.008427
2 0.228545 0.465765 0.021922 0.036166
2 0.745569 0.449789 0.008862 0.008427
2 0.226329 0.456461 0.009562 0.023174
2 0.689832 0.470857 0.043377 0.053371
2 0.722365 0.437676 0.003032 0.005267
2 0.730177 0.434867 0.003265 0.005267
2 0.214902 0.437500 0.008629 0.012640
2 0.206973 0.431004 0.004431 0.007374
2 0.229711 0.433111 0.009795 0.013694
2 0.227379 0.422051 0.003731 0.006320
2 0.616954 0.422577 0.008162 0.008778
2 0.207673 0.418890 0.003032 0.005618
2 0.747551 0.423279 0.009095 0.015801
2 0.595266 0.406074 0.005364 0.009480
2 0.239272 0.397472 0.002332 0.005618
2 0.224114 0.406074 0.012593 0.024930
2 0.749534 0.392029 0.002799 0.003862
2 0.729711 0.384129 0.004664 0.007725
2 0.739039 0.380794 0.012127 0.008778
2 0.219916 0.381496 0.007463 0.012289
2 0.405434 0.375527 0.003032 0.006671
2 0.738689 0.372367 0.003498 0.004565
2 0.228195 0.382198 0.009095 0.027739
2 0.708605 0.366222 0.005830 0.007022
2 0.391791 0.361833 0.002799 0.004565
2 0.740438 0.364291 0.009795 0.010183
2 0.680037 0.358673 0.003731 0.004565
2 0.726912 0.355513 0.004664 0.007374
2 0.226796 0.358673 0.017491 0.019312
2 0.752099 0.362360 0.010728 0.028090
2 0.715135 0.344101 0.003965 0.004916
2 0.400303 0.346032 0.011894 0.018610
2 0.759445 0.341117 0.008162 0.010183
2 0.373134 0.341643 0.005131 0.011236
2 0.383629 0.337430 0.006996 0.010534
2 0.425373 0.334621 0.002332 0.005618
2 0.263643 0.332514 0.003032 0.004213
2 0.698111 0.335674 0.006297 0.013343
2 0.364156 0.329705 0.003965 0.003511
2 0.372201 0.329178 0.005597 0.008778
2 0.749300 0.324438 0.002799 0.003511
2 0.605177 0.329178 0.010261 0.016503
2 0.364622 0.322156 0.002099 0.003862
2 0.361124 0.321805 0.001632 0.003160
2 0.354944 0.323385 0.005131 0.007022
2 0.246035 0.347086 0.023321 0.055126
2 0.336054 0.320576 0.005131 0.004916
2 0.263293 0.317416 0.003265 0.006320
2 0.410448 0.323912 0.008862 0.020014
2 0.396922 0.320927 0.010261 0.014747
2 0.336404 0.312324 0.002565 0.003862
2 0.423857 0.313378 0.008162 0.014396
2 0.367421 0.306531 0.003498 0.004916
2 0.344799 0.307058 0.009095 0.010885
2 0.305504 0.299157 0.003731 0.004213
2 0.319146 0.296524 0.003032 0.003160
2 0.283465 0.296875 0.003498 0.005267
2 0.342118 0.296875 0.003731 0.005969
2 0.312850 0.295997 0.002565 0.004213
2 0.292444 0.296875 0.002799 0.006671
2 0.592118 0.302142 0.008862 0.020014
2 0.362640 0.294417 0.003265 0.005969
2 0.732043 0.293013 0.003731 0.003862
2 0.706856 0.310744 0.022388 0.040730
2 0.696712 0.295997 0.006297 0.011236
2 0.349464 0.291433 0.002565 0.002809
2 0.419660 0.291959 0.003498 0.005267
2 0.772621 0.292310 0.004664 0.010183
2 0.471898 0.418539 0.189599 0.262640
2 0.455340 0.295646 0.009095 0.016854
2 0.282649 0.287921 0.005597 0.009831
2 0.289296 0.284937 0.002565 0.005267
2 0.307253 0.288799 0.006297 0.013694
2 0.295359 0.286868 0.004897 0.009831
2 0.314016 0.287395 0.008629 0.012992
2 0.265975 0.294593 0.027285 0.027388
2 0.406716 0.282830 0.003731 0.005969
2 0.375700 0.288448 0.010261 0.017907
2 0.804221 0.280548 0.003498 0.004916
2 0.701259 0.281601 0.006530 0.007022
2 0.711171 0.281074 0.005364 0.009480
2 0.503498 0.276685 0.008396 0.008427
2 0.690299 0.278090 0.007463 0.012640
2 0.305037 0.273876 0.002799 0.004213
2 0.359608 0.277037 0.021922 0.012640
2 0.555854 0.272999 0.003498 0.005969
2 0.639342 0.271770 0.002565 0.004916
2 0.674207 0.273876 0.006530 0.012640
2 0.313083 0.270716 0.005364 0.009129
2 0.720499 0.271770 0.010028 0.016854
2 0.683419 0.268083 0.008629 0.010183
2 0.755480 0.267556 0.006763 0.009831
2 0.323927 0.268785 0.010261 0.014396
2 0.740905 0.267907 0.019590 0.013343
2 0.280084 0.262992 0.006530 0.004916
2 0.447994 0.262816 0.006530 0.005969
2 0.287896 0.268785 0.023088 0.017907
2 0.391325 0.262289 0.002799 0.005618
2 0.473764 0.265098 0.007696 0.014045
2 0.564016 0.260885 0.004897 0.008427
2 0.361241 0.262465 0.024720 0.011587
2 0.708605 0.264923 0.015625 0.017205
2 0.402285 0.266503 0.009795 0.021067
2 0.558535 0.258076 0.004198 0.007725
2 0.409398 0.254389 0.003498 0.005267
2 0.535215 0.254565 0.004198 0.006320
2 0.615672 0.250702 0.002799 0.003511
2 0.570312 0.253160 0.007696 0.011236
2 0.692747 0.253160 0.005364 0.011938
2 0.725396 0.250351 0.005364 0.007022
2 0.329641 0.249298 0.003498 0.007022
2 0.529967 0.276159 0.040345 0.064256
2 0.377332 0.246489 0.007463 0.004916
2 0.613573 0.245435 0.003265 0.004916
2 0.592467 0.244382 0.003498 0.005618
2 0.391441 0.248069 0.013759 0.014396
2 0.644007 0.245435 0.006763 0.010534
2 0.561567 0.244382 0.006530 0.010534
2 0.412197 0.241046 0.003498 0.004565
2 0.751399 0.244206 0.009795 0.011587
2 0.621735 0.243329 0.003731 0.012640
2 0.303988 0.250527 0.011894 0.029143
2 0.506996 0.238764 0.007463 0.007022
2 0.392724 0.237886 0.003265 0.005267
2 0.422458 0.242802 0.013759 0.018610
2 0.606576 0.235253 0.003731 0.005618
2 0.726679 0.237008 0.006996 0.010534
2 0.784398 0.232795 0.003032 0.005618
2 0.629431 0.231917 0.002799 0.005267
2 0.319263 0.238062 0.010261 0.018258
2 0.370919 0.229986 0.003965 0.004213
2 0.245569 0.234375 0.007929 0.015098
2 0.306553 0.230513 0.005364 0.008076
2 0.379897 0.233146 0.020056 0.016152
2 0.349930 0.241924 0.026819 0.038624
2 0.326376 0.223490 0.003498 0.005267
2 0.780784 0.221032 0.010261 0.005969
2 0.581273 0.234551 0.016091 0.039326
2 0.413013 0.216819 0.004198 0.006671
2 0.314599 0.216994 0.005131 0.011236
2 0.383279 0.212781 0.004431 0.006320
2 0.503965 0.210674 0.004664 0.004916
2 0.576726 0.211728 0.008396 0.008427
2 0.287313 0.213132 0.006530 0.011236
2 0.731810 0.215063 0.006530 0.021419
2 0.763643 0.219803 0.021222 0.031601
2 0.269240 0.227879 0.029151 0.055478
2 0.576959 0.201896 0.002799 0.004916
2 0.473881 0.230162 0.045243 0.063553
2 0.509212 0.199087 0.003498 0.004213
2 0.778451 0.199614 0.003265 0.005969
2 0.604594 0.212956 0.030084 0.043890
2 0.747668 0.198209 0.013060 0.021419
2 0.733909 0.191011 0.003731 0.007022
2 0.481693 0.193118 0.011427 0.012640
2 0.711521 0.185393 0.003731 0.005618
2 0.476329 0.183111 0.004431 0.008076
2 0.384095 0.178020 0.003265 0.004916
2 0.718867 0.179073 0.009095 0.011938
2 0.329991 0.172928 0.019590 0.018610
2 0.769123 0.168188 0.003265 0.011236
2 0.734375 0.171699 0.010261 0.020365
2 0.397971 0.164853 0.005364 0.007374
2 0.549324 0.164326 0.003965 0.007022
2 0.747901 0.166081 0.013060 0.018258
2 0.715485 0.161517 0.008396 0.012640
2 0.740788 0.157654 0.003965 0.007725
2 0.576259 0.153441 0.003265 0.004213
2 0.368820 0.153441 0.002565 0.005618
2 0.312733 0.154494 0.004664 0.007725
2 0.353312 0.153617 0.007463 0.010183
2 0.730061 0.155021 0.011894 0.015801
2 0.550956 0.147999 0.005364 0.006671
2 0.705690 0.149579 0.005131 0.010534
2 0.519240 0.148350 0.004431 0.008778
2 0.714202 0.148701 0.006763 0.010183
2 0.569263 0.148174 0.004198 0.011236
2 0.338969 0.151685 0.011427 0.019663
2 0.290812 0.149754 0.014459 0.017205
2 0.563083 0.141152 0.003498 0.005618
2 0.578008 0.139396 0.003032 0.004916
2 0.318097 0.140098 0.008396 0.012640
2 0.335005 0.137816 0.003965 0.008778
2 0.426772 0.145014 0.013993 0.028090
2 0.738689 0.133427 0.004431 0.005618
2 0.729244 0.137640 0.007929 0.018961
2 0.345499 0.130969 0.003498 0.005618
2 0.740205 0.127985 0.002799 0.003862
2 0.475863 0.140449 0.024487 0.037921
2 0.339785 0.122893 0.005597 0.004916
2 0.721199 0.120962 0.003965 0.006671
2 0.178405 0.117802 0.004198 0.005969
2 0.733326 0.115520 0.003032 0.004213
2 0.357043 0.116222 0.006530 0.007022
2 0.325210 0.120260 0.010494 0.015801
2 0.459771 0.131145 0.014226 0.040379
2 0.500350 0.121138 0.018424 0.021770
2 0.372901 0.116749 0.011660 0.013694
2 0.452542 0.110779 0.003965 0.007374
2 0.559235 0.108146 0.003731 0.005618
2 0.462803 0.100772 0.004897 0.007725
2 0.515508 0.103406 0.010961 0.020014
2 0.334305 0.098315 0.009562 0.011236
2 0.708372 0.090765 0.006763 0.014396
2 0.446245 0.091994 0.008629 0.020365
2 0.458139 0.083567 0.004897 0.008427
2 0.438200 0.083216 0.005597 0.009831
2 0.344216 0.092521 0.016325 0.031250
2 0.487174 0.092521 0.022854 0.033357
2 0.505014 0.081110 0.008629 0.014747
2 0.359375 0.090590 0.014925 0.038624
2 0.538829 0.073034 0.003965 0.007725
2 0.428172 0.075316 0.012127 0.017907
2 0.379081 0.081636 0.038946 0.036166
2 0.410564 0.072156 0.011427 0.018610
2 0.399137 0.065660 0.006297 0.010534
2 0.345732 0.063378 0.015159 0.012992
2 0.476213 0.059340 0.003731 0.005618
2 0.332323 0.057409 0.004664 0.008076
2 0.482626 0.054951 0.003032 0.004565
2 0.386077 0.053546 0.003032 0.004565
2 0.353895 0.053722 0.004897 0.006320
2 0.373134 0.052844 0.009795 0.014396
2 0.475863 0.047928 0.003965 0.005969
2 0.404151 0.049333 0.008396 0.010183
2 0.422924 0.049860 0.015159 0.011938
2 0.486590 0.043715 0.005830 0.009480
2 0.394706 0.047226 0.005830 0.017907
2 0.436334 0.041959 0.003265 0.008778
2 0.412197 0.042837 0.004431 0.018961
2 0.384562 0.035639 0.005597 0.009480
2 0.455107 0.044944 0.027752 0.037219
2 0.433652 0.023701 0.008162 0.010885
2 0.474347 0.021067 0.003731 0.006320
2 0.330690 0.022121 0.004198 0.011938