0 0.464785 0.939431 0.005131 0.007374
0 0.481460 0.938729 0.004897 0.007374
0 0.449860 0.918890 0.003731 0.004213
0 0.507346 0.876053 0.003498 0.004916
0 0.208489 0.873596 0.006530 0.009831
0 0.164529 0.857971 0.006297 0.010183
0 0.546758 0.852528 0.003032 0.004916
0 0.542094 0.846559 0.003032 0.005618
0 0.569613 0.845681 0.003032 0.004565
0 0.565065 0.842170 0.004198 0.004565
0 0.213619 0.828125 0.003265 0.005969
0 0.207789 0.820751 0.002799 0.004565
0 0.200793 0.817240 0.003265 0.005969
0 0.558769 0.773876 0.003265 0.005618
0 0.133162 0.747191 0.003265 0.005618
0 0.211987 0.696278 0.005597 0.011236
0 0.112873 0.632022 0.002799 0.004916
0 0.615672 0.591292 0.002332 0.002809
0 0.395989 0.574263 0.004198 0.007374
0 0.197178 0.543013 0.003498 0.004565
0 0.641674 0.525105 0.007229 0.007374
0 0.194030 0.524403 0.004198 0.006671
0 0.233209 0.512992 0.006063 0.007725
0 0.222948 0.508954 0.004664 0.006671
0 0.122785 0.502809 0.004431 0.007022
0 0.237523 0.501931 0.004897 0.008076
0 0.478895 0.340765 0.004897 0.006671
0 0.184468 0.329529 0.003265 0.005267
0 0.446245 0.310042 0.007229 0.011938
0 0.401936 0.306004 0.005830 0.008778
0 0.454757 0.279846 0.003265 0.005618
0 0.423041 0.273525 0.004664 0.006320
0 0.401003 0.257022 0.004897 0.007022
0 0.298741 0.254565 0.001866 0.002809
0 0.119170 0.237711 0.005131 0.007725
0 0.544310 0.227353 0.003265 0.006671
0 0.203708 0.192767 0.003965 0.006320
0 0.367304 0.182584 0.002799 0.004213
0 0.335005 0.166433 0.004897 0.007725
0 0.578825 0.158708 0.006530 0.007022
0 0.316814 0.155372 0.003032 0.004565
0 0.581273 0.073209 0.004897 0.006671
0 0.552822 0.024754 0.003965 0.006671
1 0.459538 0.949789 0.005830 0.010534
1 0.177822 0.850597 0.006297 0.009480
1 0.581390 0.840239 0.005597 0.011236
1 0.161264 0.823385 0.024953 0.044944
1 0.548274 0.796524 0.009795 0.012992
1 0.567631 0.787746 0.022388 0.022823
1 0.552239 0.706812 0.013060 0.028090
1 0.168960 0.652212 0.010961 0.016503
1 0.147854 0.568294 0.012593 0.022121
1 0.511660 0.541433 0.006063 0.007725
1 0.521105 0.368680 0.005830 0.007725
1 0.659865 0.268258 0.017024 0.029494
1 0.559701 0.207338 0.009795 0.012289
1 0.397038 0.148876 0.016558 0.016152
1 0.204874 0.131847 0.009095 0.015801
1 0.562617 0.016503 0.010028 0.017556
2 0.400653 0.943996 0.001399 0.003160
2 0.464436 0.915906 0.002565 0.005969
2 0.459538 0.898525 0.002565 0.003511
2 0.468400 0.848666 0.003498 0.007022
2 0.473647 0.845154 0.006530 0.006320
2 0.447295 0.841643 0.002799 0.004213
2 0.455224 0.844628 0.009795 0.010885
2 0.274487 0.838834 0.002332 0.003511
2 0.432253 0.830232 0.003032 0.004565
2 0.456973 0.822858 0.004431 0.006671
2 0.445546 0.821454 0.005364 0.008076
2 0.466301 0.822683 0.003965 0.011236
2 0.486590 0.815485 0.002565 0.004565
2 0.435168 0.814431 0.002332 0.003160
2 0.460354 0.812676 0.003731 0.005267
2 0.455690 0.806180 0.007463 0.009129
2 0.487990 0.804424 0.004431 0.007725
2 0.483909 0.802317 0.002332 0.003511
2 0.478195 0.801615 0.005364 0.006320
2 0.428638 0.796348 0.001866 0.003511
2 0.231227 0.787570 0.002565 0.002809
2 0.462920 0.795997 0.008396 0.021770
2 0.228312 0.786692 0.001866 0.004565
2 0.268890 0.785463 0.004198 0.007725
2 0.484492 0.789677 0.009562 0.018258
2 0.471898 0.796348 0.012360 0.035815
2 0.258862 0.780372 0.004664 0.003862
2 0.221549 0.781777 0.004664 0.008076
2 0.458489 0.781426 0.009328 0.011587
2 0.189599 0.777037 0.001866 0.002809
2 0.253848 0.777388 0.003965 0.006320
2 0.232859 0.775105 0.003498 0.004565
2 0.199044 0.773876 0.002565 0.003511
2 0.218050 0.772472 0.003731 0.005618
2 0.258396 0.770190 0.008396 0.008778
2 0.236007 0.768083 0.005131 0.006671
2 0.485308 0.769312 0.008862 0.009831
2 0.243937 0.765976 0.002332 0.003862
2 0.472365 0.771594 0.016091 0.015801
2 0.207673 0.766503 0.003498 0.005618
2 0.473298 0.761763 0.003498 0.005969
2 0.465252 0.758427 0.003731 0.005618
2 0.205924 0.758603 0.005131 0.005969
2 0.213619 0.754916 0.002332 0.003511
2 0.400420 0.754916 0.001866 0.004213
2 0.203825 0.751580 0.005131 0.005267
2 0.454524 0.758427 0.008396 0.020365
2 0.255714 0.747015 0.001632 0.003160
2 0.211287 0.747718 0.005131 0.005267
2 0.210704 0.742802 0.004431 0.003160
2 0.445662 0.741397 0.005131 0.005969
2 0.492071 0.748771 0.017257 0.022823
2 0.264226 0.736482 0.006063 0.010183
2 0.372551 0.728230 0.005364 0.007022
2 0.236124 0.727001 0.003032 0.005267
2 0.218284 0.723666 0.002332 0.004213
2 0.228428 0.726124 0.011427 0.013343
2 0.414879 0.720330 0.002332 0.003160
2 0.366488 0.721383 0.003032 0.005969
2 0.502799 0.719628 0.001866 0.003160
2 0.490089 0.719979 0.002099 0.004565
2 0.456040 0.720681 0.006763 0.005969
2 0.450560 0.718926 0.001866 0.005267
2 0.111590 0.721032 0.005830 0.010183
2 0.492421 0.715239 0.003032 0.002809
2 0.445896 0.716292 0.001866 0.004916
2 0.501166 0.715063 0.002332 0.003160
2 0.237407 0.718399 0.003731 0.009831
2 0.444846 0.712781 0.001632 0.002107
2 0.499883 0.709094 0.003032 0.004565
2 0.456507 0.707865 0.001166 0.002107
2 0.512826 0.708216 0.002332 0.003511
2 0.461287 0.711903 0.006063 0.011587
2 0.525420 0.707690 0.001866 0.005267
2 0.491604 0.709796 0.006063 0.010183
2 0.239972 0.706461 0.002332 0.003511
2 0.455340 0.703652 0.002099 0.004213
2 0.247785 0.703827 0.007696 0.006671
2 0.505480 0.702072 0.002565 0.003862
2 0.349813 0.703476 0.004198 0.008076
2 0.375700 0.701545 0.005131 0.009831
2 0.472715 0.706636 0.014459 0.021419
2 0.497435 0.696103 0.002799 0.004565
2 0.489855 0.698912 0.009095 0.010885
2 0.542910 0.697858 0.006530 0.011587
2 0.482393 0.692065 0.003498 0.004213
2 0.540812 0.692416 0.001866 0.005618
2 0.495569 0.691889 0.002332 0.004565
2 0.450793 0.693996 0.003731 0.010183
2 0.260145 0.691889 0.003032 0.005969
2 0.457906 0.690660 0.002099 0.005618
2 0.549674 0.693820 0.008396 0.018961
2 0.537313 0.685042 0.004198 0.004213
2 0.461754 0.684867 0.003731 0.007374
2 0.636544 0.684515 0.006297 0.008778
2 0.545592 0.684691 0.008162 0.011236
2 0.479011 0.688027 0.010728 0.020014
2 0.456740 0.681531 0.005364 0.007725
2 0.529035 0.684691 0.010494 0.014747
2 0.458489 0.675386 0.001399 0.001756
2 0.364855 0.675562 0.002565 0.004213
2 0.473764 0.674333 0.001632 0.003862
2 0.527402 0.673104 0.002099 0.002809
2 0.608792 0.674333 0.004897 0.007374
2 0.373134 0.672928 0.003731 0.005267
2 0.240205 0.671348 0.002332 0.005618
2 0.594799 0.670119 0.003032 0.005267
2 0.468167 0.678020 0.011427 0.021067
2 0.436101 0.669944 0.002332 0.004916
2 0.489506 0.667486 0.002332 0.004916
2 0.301189 0.666959 0.002099 0.003862
2 0.591535 0.666257 0.002565 0.005969
2 0.498834 0.668364 0.006063 0.010183
2 0.455224 0.664501 0.001399 0.003160
2 0.627332 0.665555 0.006996 0.006671
2 0.622435 0.664326 0.002332 0.005618
2 0.277635 0.664150 0.002565 0.005969
2 0.618703 0.662570 0.003265 0.004213
2 0.573461 0.665906 0.010728 0.011587
2 0.647038 0.661341 0.001632 0.003160
2 0.459538 0.660639 0.001166 0.002458
2 0.583605 0.663272 0.008162 0.012640
2 0.242421 0.658357 0.003032 0.005618
2 0.511894 0.676088 0.022388 0.041784
2 0.265625 0.660463 0.010728 0.012640
2 0.622201 0.655197 0.002799 0.005618
2 0.226679 0.658883 0.006996 0.013694
2 0.558302 0.652739 0.005597 0.007022
2 0.583839 0.649754 0.001632 0.002458
2 0.257579 0.655899 0.004431 0.014747
2 0.581507 0.647647 0.002099 0.003160
2 0.482160 0.661517 0.010961 0.030899
2 0.291861 0.649052 0.005364 0.007374
2 0.395872 0.672402 0.041278 0.056180
2 0.550140 0.646243 0.003731 0.006671
2 0.543260 0.657303 0.022155 0.030197
2 0.526936 0.647823 0.010028 0.011236
2 0.331157 0.644487 0.003731 0.005267
2 0.624767 0.641503 0.003265 0.002809
2 0.602729 0.653090 0.017957 0.025983
2 0.236241 0.642907 0.006996 0.006320
2 0.486474 0.641327 0.003265 0.003862
2 0.472715 0.644136 0.006996 0.010183
2 0.648787 0.639045 0.001866 0.004213
2 0.530201 0.640801 0.008629 0.008427
2 0.475047 0.637992 0.003265 0.003511
2 0.291861 0.637992 0.002099 0.003511
2 0.306903 0.636938 0.002332 0.002107
2 0.448811 0.635358 0.002099 0.003160
2 0.434935 0.634480 0.003265 0.004213
2 0.625117 0.633251 0.002099 0.003160
2 0.589436 0.643083 0.006763 0.022823
2 0.466535 0.637289 0.006763 0.011236
2 0.641558 0.631145 0.001866 0.003862
2 0.557836 0.637289 0.011194 0.018961
2 0.296992 0.630267 0.004431 0.004916
2 0.491138 0.628160 0.002799 0.004213
2 0.336637 0.630442 0.006297 0.008778
2 0.598064 0.629389 0.003498 0.007374
2 0.498368 0.640274 0.017724 0.029143
2 0.569380 0.628862 0.007229 0.007725
2 0.498134 0.626404 0.002799 0.004213
2 0.589552 0.624824 0.001866 0.003862
2 0.616488 0.630794 0.012826 0.019312
2 0.631646 0.625176 0.006763 0.008778
2 0.538596 0.622367 0.002565 0.003160
2 0.319030 0.623771 0.005131 0.005969
2 0.316814 0.621840 0.003032 0.003511
2 0.250700 0.630969 0.008862 0.023174
2 0.619986 0.620084 0.001632 0.002809
2 0.625700 0.620787 0.002332 0.005618
2 0.571945 0.620611 0.002565 0.005267
2 0.314482 0.618504 0.002099 0.004565
2 0.488573 0.618504 0.003265 0.006671
2 0.628148 0.615695 0.001632 0.002458
2 0.578358 0.620962 0.010261 0.017907
2 0.599930 0.617275 0.010028 0.013343
2 0.479478 0.617100 0.012593 0.013694
2 0.423507 0.637640 0.034515 0.056180
2 0.605527 0.610955 0.002565 0.003511
2 0.510028 0.616046 0.008396 0.015801
2 0.283699 0.618855 0.009095 0.022121
2 0.256180 0.609726 0.003965 0.005969
2 0.487174 0.609551 0.005131 0.006320
2 0.275070 0.607795 0.004431 0.007022
2 0.547575 0.622191 0.016325 0.036517
2 0.323811 0.605513 0.002099 0.003862
2 0.270056 0.609024 0.004198 0.011587
2 0.262010 0.611482 0.008629 0.017205
2 0.505364 0.604986 0.002799 0.006320
2 0.593867 0.608322 0.003965 0.014396
2 0.625117 0.602879 0.003032 0.004213
2 0.521922 0.627809 0.031716 0.054073
2 0.330807 0.602528 0.002565 0.003511
2 0.598764 0.602353 0.001632 0.005267
2 0.546525 0.600421 0.002099 0.004916
2 0.416628 0.601650 0.008629 0.008076
2 0.496968 0.606742 0.011660 0.018961
2 0.593633 0.598315 0.001632 0.004213
2 0.635728 0.603055 0.005131 0.014396
2 0.629431 0.599192 0.002332 0.006671
2 0.575793 0.598315 0.003265 0.004916
2 0.566581 0.605688 0.013293 0.019663
2 0.521572 0.597612 0.002099 0.003511
2 0.525886 0.600421 0.004664 0.009831
2 0.506646 0.597788 0.002565 0.004565
2 0.588386 0.595506 0.001399 0.002107
2 0.559352 0.597788 0.004431 0.006671
2 0.511311 0.601826 0.005830 0.015449
2 0.072062 0.597963 0.004198 0.008427
2 0.274953 0.596910 0.005131 0.007725
2 0.349230 0.594101 0.002099 0.002809
2 0.572994 0.593048 0.005131 0.004916
2 0.585821 0.591292 0.001399 0.002809
2 0.280667 0.592872 0.004431 0.006671
2 0.359608 0.591643 0.002332 0.006320
2 0.620452 0.593926 0.007229 0.014396
2 0.585588 0.586903 0.001399 0.002458
2 0.329641 0.586376 0.002099 0.003511
2 0.612873 0.591468 0.009328 0.014396
2 0.601329 0.589361 0.004897 0.010885
2 0.077192 0.586552 0.006530 0.008076
2 0.557020 0.585147 0.006297 0.005969
2 0.299440 0.584094 0.002332 0.005267
2 0.583955 0.583919 0.003731 0.005618
2 0.312966 0.581987 0.002799 0.005969
2 0.526586 0.585323 0.014925 0.015449
2 0.546642 0.586201 0.009328 0.019312
2 0.592817 0.582865 0.012593 0.013343
2 0.303638 0.580934 0.001866 0.010183
2 0.622901 0.578125 0.004664 0.005267
2 0.567514 0.582690 0.007229 0.014396
2 0.368120 0.577247 0.003032 0.003511
2 0.572994 0.577247 0.002332 0.004213
2 0.515392 0.581110 0.005131 0.012640
2 0.615672 0.575667 0.001866 0.003160
2 0.586287 0.574438 0.002332 0.002809
2 0.544310 0.574614 0.002799 0.003160
2 0.537197 0.580934 0.006763 0.015801
2 0.619170 0.573912 0.001866 0.003160
2 0.573927 0.572331 0.001866 0.002809
2 0.591301 0.573736 0.004431 0.007022
2 0.374300 0.571629 0.001866 0.002809
2 0.078125 0.575492 0.007929 0.013343
2 0.610308 0.573736 0.007463 0.010534
2 0.563316 0.575843 0.008162 0.014747
2 0.570196 0.570576 0.004664 0.004916
2 0.591884 0.566362 0.002332 0.002809
2 0.575210 0.563202 0.001632 0.003511
2 0.598997 0.561622 0.002565 0.003862
2 0.163946 0.559340 0.005597 0.006320
2 0.288946 0.565660 0.010261 0.020365
2 0.070662 0.562324 0.009328 0.020716
2 0.581273 0.557409 0.007696 0.012992
2 0.392024 0.550562 0.001866 0.005618
2 0.404035 0.548982 0.002565 0.003160
2 0.301073 0.547402 0.002332 0.003511
2 0.286031 0.546699 0.005364 0.007022
2 0.580690 0.546524 0.005597 0.009480
2 0.079641 0.544242 0.003032 0.004916
2 0.279268 0.545119 0.004431 0.008076
2 0.567864 0.543013 0.004198 0.007374
2 0.161847 0.544593 0.008396 0.010534
2 0.332206 0.541433 0.003965 0.004916
2 0.267957 0.545295 0.015392 0.014747
2 0.072761 0.539501 0.002332 0.004565
2 0.067980 0.541257 0.004897 0.008076
2 0.282766 0.539326 0.006763 0.006320
2 0.301189 0.534410 0.002565 0.004213
2 0.589785 0.533357 0.002799 0.004213
2 0.379548 0.532128 0.002565 0.003160
2 0.291045 0.531601 0.004664 0.004213
2 0.377799 0.527037 0.002332 0.002809
2 0.346082 0.528792 0.006996 0.010534
2 0.378615 0.518434 0.006297 0.013694
2 0.285098 0.512992 0.002099 0.003511
2 0.270756 0.509831 0.003731 0.004213
2 0.369520 0.508427 0.001166 0.002107
2 0.372201 0.506145 0.001866 0.004565
2 0.334771 0.502458 0.003498 0.004916
2 0.248018 0.501404 0.002565 0.003511
2 0.338386 0.496313 0.001866 0.003160
2 0.235891 0.497015 0.005830 0.005267
2 0.309468 0.496489 0.003265 0.005618
2 0.521572 0.488413 0.003032 0.004916
2 0.524487 0.484024 0.001866 0.003160
2 0.525653 0.479459 0.002332 0.003862
2 0.308186 0.479284 0.002565 0.003511
2 0.304221 0.478757 0.003498 0.004565
2 0.215485 0.478581 0.002332 0.004213
2 0.369053 0.478757 0.003965 0.005969
2 0.417794 0.476650 0.003498 0.003862
2 0.203242 0.476475 0.003498 0.004213
2 0.256297 0.472963 0.003265 0.004213
2 0.416744 0.471208 0.002332 0.003511
2 0.363106 0.461025 0.005131 0.007022
2 0.254548 0.458392 0.003032 0.004565
2 0.416395 0.456636 0.002099 0.003862
2 0.348181 0.458919 0.005131 0.009129
2 0.269939 0.456461 0.002565 0.004213
2 0.376982 0.459445 0.004897 0.012992
2 0.336754 0.455056 0.002799 0.008427
2 0.361357 0.453827 0.006297 0.007374
2 0.213386 0.452598 0.003265 0.007022
2 0.397155 0.449438 0.002799 0.004916
2 0.372318 0.454529 0.007229 0.016503
2 0.382812 0.459270 0.006297 0.028090
2 0.347715 0.447156 0.005131 0.003862
2 0.337104 0.445225 0.002099 0.003511
2 0.141674 0.445751 0.003032 0.005267
2 0.335238 0.440836 0.002099 0.005267
2 0.357859 0.438553 0.003032 0.002107
2 0.324860 0.439080 0.003265 0.005969
2 0.152285 0.438027 0.005131 0.005969
2 0.355177 0.433287 0.001399 0.002107
2 0.171992 0.432409 0.015159 0.012289
2 0.212920 0.428195 0.002799 0.004565
2 0.180271 0.426615 0.002332 0.004213
2 0.347248 0.424508 0.003731 0.005618
2 0.347715 0.419417 0.000933 0.001756
2 0.189832 0.423455 0.008862 0.011938
2 0.177589 0.416081 0.016091 0.016152
2 0.196945 0.407128 0.002565 0.005969
2 0.183419 0.395716 0.008629 0.008427
2 0.136777 0.372542 0.001632 0.002107
2 0.470732 0.292662 0.005364 0.008778
2 0.456507 0.256496 0.001632 0.002458
2 0.114622 0.244031 0.003965 0.005618
2 0.371035 0.182233 0.003265 0.004916
2 0.415578 0.149754 0.001866 0.005267
2 0.244520 0.140449 0.003965 0.007022
2 0.488223 0.035112 0.003965 0.007022