0 0.504431 0.990344 0.002799 0.004565
0 0.692048 0.927317 0.003032 0.004916
0 0.570312 0.926440 0.002565 0.004565
0 0.685401 0.920822 0.007929 0.012289
0 0.212803 0.913097 0.005364 0.010183
0 0.698811 0.911868 0.007696 0.011236
0 0.477729 0.864115 0.004897 0.007022
0 0.325676 0.777914 0.004897 0.008076
0 0.788130 0.774754 0.005364 0.006671
0 0.315882 0.737535 0.004431 0.006671
0 0.136077 0.724544 0.005830 0.010183
0 0.250583 0.695225 0.003498 0.005618
0 0.270406 0.634831 0.003498 0.005618
0 0.556203 0.630267 0.003731 0.005618
0 0.270756 0.604108 0.004664 0.006671
0 0.342234 0.603406 0.005364 0.009480
0 0.452659 0.594803 0.003265 0.004916
0 0.456856 0.552669 0.003265 0.004916
0 0.545592 0.521945 0.002565 0.003862
0 0.534398 0.520716 0.002099 0.002809
0 0.519356 0.507549 0.002332 0.003862
0 0.458605 0.463483 0.003032 0.004916
0 0.508396 0.424684 0.003265 0.005267
0 0.411381 0.422753 0.002332 0.003511
0 0.502215 0.423806 0.004431 0.006320
0 0.505247 0.419768 0.002099 0.003160
0 0.406250 0.411166 0.004198 0.007022
0 0.457906 0.406601 0.004897 0.006320
0 0.431437 0.379038 0.003731 0.005267
0 0.311334 0.381320 0.006996 0.011236
0 0.319146 0.370611 0.007696 0.012992
0 0.440065 0.364291 0.002799 0.003862
0 0.438083 0.356215 0.002099 0.003160
0 0.515508 0.339010 0.002565 0.003862
0 0.459188 0.324087 0.003731 0.004916
0 0.331157 0.308989 0.002332 0.003511
0 0.366838 0.277212 0.003731 0.006671
0 0.483326 0.262992 0.003965 0.006320
0 0.315765 0.151334 0.006063 0.011236
1 0.359258 0.915906 0.020756 0.015801
1 0.333372 0.872015 0.014226 0.009480
1 0.305504 0.877633 0.071362 0.043188
1 0.504081 0.842170 0.009562 0.007374
1 0.277402 0.828652 0.012360 0.013343
1 0.526819 0.814431 0.020522 0.019312
1 0.728428 0.820400 0.021222 0.031952
1 0.173857 0.814782 0.010961 0.029846
1 0.221199 0.808287 0.013293 0.018961
1 0.269007 0.801440 0.015625 0.017907
1 0.383512 0.798806 0.006297 0.015449
1 0.403568 0.765098 0.012826 0.018961
1 0.758745 0.752633 0.007696 0.033357
1 0.356110 0.748771 0.027519 0.045997
1 0.300840 0.735779 0.013993 0.025632
1 0.194146 0.732619 0.039879 0.095857
1 0.545476 0.701721 0.027985 0.035463
1 0.302589 0.687324 0.006297 0.010885
1 0.254781 0.666784 0.025886 0.026685
1 0.238689 0.639045 0.023554 0.029494
1 0.409282 0.559691 0.018190 0.013343
1 0.483092 0.418539 0.031483 0.031601
1 0.369053 0.403617 0.010028 0.017205
1 0.498484 0.398174 0.009095 0.016854
1 0.424907 0.388518 0.010728 0.020014
1 0.396805 0.398876 0.036147 0.051264
1 0.451842 0.376931 0.009562 0.015098
1 0.522621 0.371138 0.025187 0.023174
1 0.457906 0.360779 0.007696 0.007374
1 0.475863 0.375000 0.031483 0.040028
1 0.307719 0.360955 0.008629 0.014045
1 0.355410 0.358673 0.032649 0.043188
1 0.413130 0.341468 0.009095 0.015801
1 0.456740 0.335323 0.020289 0.007022
1 0.482626 0.339361 0.006763 0.023525
1 0.328708 0.314958 0.005364 0.011236
1 0.478312 0.313378 0.024720 0.016503
1 0.400536 0.287746 0.012826 0.016503
1 0.320779 0.288799 0.019356 0.022823
1 0.440415 0.268258 0.044076 0.066011
1 0.506180 0.227528 0.016091 0.020365
1 0.545592 0.221735 0.013759 0.020716
1 0.424324 0.202774 0.023088 0.026334
1 0.407299 0.084796 0.013293 0.014396
2 0.315299 0.934515 0.002332 0.004565
2 0.240788 0.932935 0.001632 0.002107
2 0.374184 0.906426 0.002565 0.003862
2 0.213036 0.884129 0.001632 0.002107
2 0.511894 0.813729 0.003265 0.003160
2 0.513759 0.809164 0.002799 0.006671
2 0.424557 0.546699 0.002099 0.003511
2 0.426772 0.490871 0.001866 0.002809
2 0.383512 0.486657 0.002099 0.002809
2 0.378848 0.481917 0.001632 0.003160
2 0.367654 0.480864 0.002099 0.005267
2 0.417444 0.478933 0.001866 0.004213
2 0.379548 0.476475 0.002565 0.003511
2 0.382929 0.475070 0.003265 0.006320
2 0.378965 0.468223 0.006530 0.008778
2 0.371735 0.466643 0.006063 0.005618
2 0.456390 0.464712 0.001866 0.003862
2 0.385378 0.463483 0.005830 0.004916
2 0.357626 0.454705 0.001632 0.004213
2 0.387010 0.453301 0.002099 0.003511
2 0.370686 0.452598 0.002099 0.002809
2 0.443680 0.461903 0.015159 0.024228
2 0.432719 0.456461 0.009095 0.014045
2 0.359958 0.449614 0.003032 0.002458
2 0.379081 0.454003 0.014692 0.017556
2 0.353078 0.445576 0.002332 0.002809
2 0.449627 0.445400 0.003265 0.003862
2 0.368937 0.442942 0.001866 0.002458
2 0.400886 0.442767 0.002332 0.002809
2 0.382579 0.440309 0.002565 0.002809
2 0.452659 0.438904 0.004664 0.005618
2 0.447994 0.437149 0.001399 0.003511
2 0.462570 0.438904 0.007696 0.009831
2 0.415345 0.448034 0.014925 0.030197
2 0.438666 0.440485 0.014459 0.017907
2 0.454408 0.432233 0.002565 0.002809
2 0.446245 0.432233 0.001632 0.002809
2 0.463270 0.430829 0.002565 0.002107
2 0.443913 0.428897 0.001632 0.003862
2 0.465951 0.427493 0.001866 0.002458
2 0.455224 0.427669 0.001866 0.002809
2 0.452425 0.426264 0.003265 0.007022
2 0.446129 0.423104 0.001866 0.004213
2 0.448344 0.421348 0.001166 0.002107
2 0.315998 0.421348 0.002799 0.005618
2 0.455107 0.416608 0.001632 0.002458
2 0.448577 0.417135 0.002099 0.004213
2 0.430620 0.414501 0.001166 0.001756
2 0.420476 0.425035 0.013526 0.024228
2 0.428172 0.409059 0.001399 0.001404
2 0.430271 0.407830 0.001866 0.002458
2 0.444146 0.411341 0.008629 0.013694
2 0.508629 0.406250 0.002799 0.005618
2 0.433186 0.403265 0.001166 0.003160
2 0.516558 0.401685 0.003731 0.007022
2 0.484492 0.398876 0.001632 0.002107
2 0.452192 0.398350 0.001866 0.003160
2 0.447295 0.397121 0.005597 0.004213
2 0.435518 0.397999 0.004431 0.007374
2 0.459888 0.389045 0.001866 0.002809
2 0.407416 0.362535 0.004198 0.007374
2 0.379548 0.336201 0.003498 0.005969
2 0.440532 0.332163 0.001399 0.002107
2 0.373484 0.331812 0.001166 0.002107
2 0.442980 0.330407 0.001632 0.002809
2 0.401003 0.331636 0.003965 0.010183
2 0.440998 0.326896 0.002332 0.004213
2 0.413130 0.327423 0.004897 0.010183
2 0.474697 0.321980 0.001166 0.002107
2 0.470266 0.319522 0.000700 0.002809
2 0.440998 0.318645 0.003265 0.005267
2 0.392374 0.321103 0.004431 0.010183
2 0.460938 0.318820 0.003498 0.007022
2 0.433069 0.316362 0.003265 0.004213
2 0.417094 0.317065 0.002565 0.005618
2 0.400420 0.317591 0.003731 0.007374
2 0.412197 0.313729 0.002099 0.003160
2 0.476096 0.313027 0.001632 0.003160
2 0.473181 0.313027 0.001399 0.003160
2 0.398554 0.312500 0.002799 0.005618
2 0.414879 0.311622 0.003265 0.004565
2 0.420476 0.310920 0.001866 0.003862
2 0.409282 0.315309 0.004664 0.014747
2 0.445312 0.308813 0.002099 0.002458
2 0.392491 0.308813 0.002799 0.005267
2 0.411497 0.306004 0.001632 0.002458
2 0.400770 0.304600 0.002565 0.003862
2 0.402402 0.300386 0.001166 0.002458
2 0.406017 0.298806 0.000933 0.001404
2 0.498484 0.301264 0.005830 0.007022
2 0.387127 0.299157 0.001866 0.002809
2 0.388643 0.295646 0.001166 0.002809
2 0.398088 0.268610 0.001866 0.002809
3 0.491838 0.860955 0.024254 0.044944
3 0.722248 0.857619 0.021922 0.058638
3 0.773088 0.774754 0.020522 0.038975
3 0.265275 0.766678 0.024953 0.034059
3 0.226213 0.762992 0.048974 0.087781
3 0.464669 0.242100 0.060868 0.090239