0 0.542327 0.778090 0.003032 0.004916
0 0.510145 0.671524 0.004431 0.006671
0 0.632812 0.658532 0.007229 0.010183
0 0.254314 0.629038 0.004431 0.006671
0 0.370219 0.627633 0.002565 0.004565
0 0.285798 0.626756 0.003032 0.004213
0 0.590252 0.624649 0.005597 0.009831
0 0.263293 0.615169 0.004664 0.005618
0 0.565998 0.610955 0.004664 0.005618
0 0.585121 0.608322 0.006063 0.008076
0 0.345499 0.599368 0.002565 0.004213
0 0.442048 0.598490 0.005364 0.007374
0 0.574977 0.591117 0.004897 0.006671
0 0.626399 0.525983 0.006063 0.009129
0 0.587453 0.502633 0.004198 0.005969
0 0.610424 0.491924 0.003965 0.006320
0 0.614739 0.478933 0.003265 0.005618
0 0.143074 0.474368 0.005830 0.009831
0 0.662780 0.425386 0.002332 0.003862
0 0.602729 0.426791 0.004897 0.008778
0 0.657299 0.418188 0.003032 0.004916
0 0.659515 0.410639 0.003731 0.005267
0 0.677589 0.343223 0.007229 0.011587
0 0.490672 0.334094 0.002799 0.006671
0 0.212453 0.302669 0.004198 0.006320
0 0.562500 0.295822 0.006530 0.008076
0 0.553638 0.287921 0.003265 0.004916
0 0.631646 0.284235 0.002099 0.005267
0 0.125816 0.243680 0.003498 0.004916
0 0.178988 0.242978 0.010494 0.016152
0 0.565882 0.237360 0.003965 0.006320
0 0.535331 0.230864 0.003498 0.005267
0 0.556553 0.202072 0.007696 0.010885
0 0.294310 0.185744 0.003731 0.006320
0 0.314366 0.172051 0.003265 0.004916
0 0.353661 0.146067 0.005364 0.006320
0 0.338853 0.121664 0.003731 0.005267
0 0.540345 0.102879 0.002799 0.004916
0 0.545243 0.096208 0.002799 0.004916
0 0.567164 0.087781 0.003265 0.004213
0 0.340951 0.034586 0.002332 0.003160
0 0.352146 0.036868 0.006063 0.008427
1 0.502215 0.952598 0.023088 0.014045
1 0.579524 0.932760 0.018190 0.025632
1 0.516325 0.831461 0.027052 0.030197
1 0.175140 0.796348 0.044776 0.051966
1 0.179688 0.715063 0.043144 0.098666
1 0.817048 0.638518 0.030550 0.049508
1 0.707673 0.594803 0.014692 0.017556
1 0.087803 0.593926 0.026353 0.016503
1 0.755247 0.606917 0.037080 0.058638
1 0.122201 0.568118 0.032183 0.034410
1 0.676772 0.516854 0.012593 0.011938
1 0.804688 0.511938 0.017491 0.022472
1 0.341418 0.494733 0.017724 0.007725
1 0.630947 0.492275 0.018424 0.019663
1 0.715951 0.497015 0.076959 0.131671
1 0.589319 0.445225 0.018657 0.042837
1 0.430387 0.443645 0.030550 0.041081
1 0.088619 0.469628 0.046642 0.109199
1 0.347481 0.398350 0.019590 0.019312
1 0.578008 0.396770 0.024953 0.026685
1 0.470849 0.385007 0.011660 0.011587
1 0.111590 0.403617 0.018890 0.066362
1 0.177239 0.371313 0.023321 0.045295
1 0.620802 0.357795 0.016325 0.028792
1 0.603078 0.311622 0.010728 0.012992
1 0.539646 0.329178 0.028451 0.053722
1 0.114389 0.304073 0.018424 0.022472
1 0.377565 0.265098 0.011660 0.014747
1 0.552006 0.251404 0.008862 0.007725
1 0.543610 0.221383 0.009328 0.017205
1 0.503731 0.257022 0.067631 0.089185
1 0.158932 0.221910 0.006297 0.021770
1 0.647738 0.151334 0.023554 0.040730
1 0.495219 0.165379 0.102845 0.128511
2 0.578125 0.733322 0.005131 0.007374
2 0.577892 0.689080 0.002332 0.003862
2 0.590602 0.680302 0.006297 0.008076
2 0.595849 0.673631 0.011194 0.007374
2 0.587104 0.667135 0.002565 0.002809
2 0.612990 0.663975 0.002099 0.003511
2 0.609725 0.661692 0.002099 0.003862
2 0.610424 0.642029 0.002099 0.002458
2 0.573111 0.637289 0.002565 0.004213
2 0.567980 0.627809 0.002565 0.003511
2 0.564949 0.621664 0.008162 0.016503
2 0.571828 0.598490 0.001399 0.003862
2 0.566465 0.586025 0.002332 0.004213
2 0.541395 0.582865 0.001632 0.003511
2 0.585121 0.555653 0.007929 0.010183
2 0.580574 0.543715 0.002565 0.004565
2 0.528102 0.538272 0.010028 0.010534
2 0.576376 0.537219 0.004431 0.009129
2 0.582673 0.533883 0.003498 0.005969
2 0.553405 0.531426 0.011194 0.010183
2 0.431670 0.528441 0.003265 0.005618
2 0.582789 0.525456 0.003731 0.006671
2 0.546992 0.518083 0.008162 0.012289
2 0.543610 0.510007 0.001866 0.003160
2 0.540578 0.507374 0.002332 0.003511
2 0.525770 0.502458 0.002565 0.004213
2 0.668610 0.489115 0.002332 0.004213
2 0.440765 0.488764 0.003731 0.007022
2 0.577775 0.477528 0.003498 0.005618
2 0.515858 0.471032 0.002332 0.007374
2 0.537197 0.470330 0.005830 0.008778
2 0.527752 0.483146 0.020522 0.047051
2 0.508046 0.468399 0.007696 0.017556
2 0.531250 0.457690 0.002332 0.003160
2 0.648787 0.455934 0.002799 0.003862
2 0.642141 0.465765 0.008162 0.023525
2 0.639109 0.450492 0.001632 0.004213
2 0.673857 0.454178 0.007696 0.012992
2 0.689016 0.447156 0.002099 0.005969
2 0.693214 0.427317 0.002099 0.002107
2 0.525420 0.428546 0.004198 0.007374
2 0.530434 0.420119 0.003965 0.009480
2 0.521805 0.393083 0.003965 0.006671
2 0.525653 0.387640 0.004198 0.007022
2 0.514692 0.379565 0.006530 0.012640
2 0.494636 0.349192 0.003731 0.007374
2 0.472598 0.288975 0.006763 0.009129
2 0.321945 0.161341 0.001632 0.002458
2 0.383396 0.099719 0.002332 0.003511
3 0.236357 0.834796 0.054338 0.072683
3 0.372785 0.463132 0.023088 0.061096
3 0.474580 0.188904 0.012127 0.031601