0 0.357160 0.785815 0.003965 0.007022
0 0.296525 0.754038 0.006763 0.009480
0 0.158582 0.686096 0.006530 0.010534
0 0.242537 0.552669 0.007929 0.011236
0 0.184585 0.495084 0.003498 0.006320
0 0.475396 0.399052 0.005364 0.008778
0 0.449977 0.276159 0.003965 0.006671
0 0.172575 0.172577 0.006063 0.009480
1 0.324510 0.960674 0.022621 0.017556
1 0.157533 0.739291 0.010494 0.026334
1 0.201143 0.632198 0.003032 0.012289
1 0.284865 0.550737 0.004897 0.016503
1 0.500117 0.417310 0.010494 0.006671
1 0.188666 0.097261 0.010728 0.020365
2 0.247785 0.709094 0.004897 0.005969
2 0.355410 0.541257 0.006063 0.005969
2 0.342001 0.528617 0.007229 0.005969
2 0.345616 0.518434 0.003265 0.003160
2 0.263410 0.496840 0.004431 0.006320
2 0.325093 0.489817 0.003265 0.004213
2 0.331740 0.489817 0.003965 0.007725
2 0.347948 0.488764 0.006063 0.006320
2 0.318563 0.484551 0.003265 0.004916
2 0.281833 0.484199 0.001632 0.004213
2 0.329641 0.483497 0.001632 0.003511
2 0.323344 0.482795 0.003032 0.004213
2 0.432020 0.476124 0.003032 0.003511
2 0.303521 0.461376 0.004897 0.007725
2 0.438666 0.459972 0.007463 0.007725
2 0.452892 0.448209 0.016325 0.020014
2 0.249883 0.439431 0.004431 0.004565
2 0.259328 0.429249 0.004198 0.005267
2 0.265858 0.422928 0.010261 0.010183
2 0.266791 0.411517 0.012593 0.014045
2 0.245452 0.408708 0.004897 0.010534
2 0.279035 0.400456 0.001632 0.003160
2 0.271688 0.372542 0.006996 0.011236