0 0.703125 0.863062 0.003731 0.005618
0 0.254081 0.817942 0.002565 0.004565
0 0.266208 0.797402 0.003032 0.005618
0 0.700793 0.794242 0.002799 0.004213
0 0.468867 0.767732 0.004897 0.006671
0 0.722948 0.759480 0.002332 0.003511
0 0.726213 0.703652 0.002332 0.003511
0 0.469566 0.693118 0.003498 0.004916
0 0.671642 0.641503 0.001866 0.003511
0 0.359725 0.547051 0.003498 0.005618
0 0.526236 0.501053 0.003032 0.004213
0 0.514925 0.441362 0.005131 0.008427
0 0.616838 0.365695 0.003731 0.005969
0 0.762010 0.355513 0.002565 0.003862
0 0.610308 0.342346 0.003265 0.004916
0 0.575210 0.287746 0.002099 0.003160
0 0.572994 0.270014 0.004198 0.007022
0 0.609725 0.196629 0.003965 0.005618
0 0.667677 0.105162 0.002799 0.003862
0 0.340951 0.068118 0.002332 0.003511
0 0.340602 0.057935 0.003498 0.005618
0 0.346432 0.052493 0.003032 0.004565
0 0.613223 0.047051 0.003965 0.006320
0 0.371269 0.031074 0.004198 0.006671
0 0.407649 0.021594 0.002799 0.004565
0 0.632696 0.013869 0.001866 0.003160
1 0.755830 0.692065 0.006063 0.015449
1 0.737990 0.592697 0.007229 0.014747
1 0.740089 0.396067 0.005830 0.006320
1 0.663596 0.101124 0.003498 0.010534
2 0.640975 0.795295 0.002565 0.004916
2 0.292910 0.771945 0.001399 0.002458
2 0.660448 0.756145 0.002799 0.005267
2 0.327542 0.524403 0.010494 0.030548
2 0.333372 0.487008 0.003032 0.005618