0 0.196595 0.845154 0.004664 0.006320
0 0.223997 0.811798 0.002099 0.003511
0 0.373834 0.801791 0.002799 0.003862
0 0.770756 0.477528 0.004198 0.006320
0 0.584072 0.455934 0.006297 0.011587
0 0.801423 0.440485 0.005830 0.008778
0 0.722248 0.407654 0.004664 0.006320
0 0.715252 0.401159 0.004664 0.008076
0 0.440065 0.243153 0.008862 0.011587
0 0.687966 0.070751 0.003265 0.005969
1 0.619636 0.965765 0.014925 0.012992
1 0.653568 0.438553 0.022621 0.032303
1 0.826259 0.391152 0.041978 0.056882
2 0.272388 0.926088 0.005597 0.008076
2 0.277519 0.920471 0.003731 0.003862
2 0.278335 0.886587 0.003965 0.004213
2 0.253265 0.886587 0.004198 0.005618
2 0.268773 0.876229 0.005830 0.008076
2 0.257229 0.872015 0.002799 0.004565
2 0.165695 0.850421 0.003032 0.004213
2 0.765159 0.778090 0.013993 0.016854
2 0.746035 0.772472 0.015392 0.011236
2 0.605061 0.758603 0.007229 0.010885
2 0.626866 0.747893 0.005597 0.007725
2 0.620219 0.698560 0.006763 0.009480
2 0.577892 0.677844 0.006996 0.014396
2 0.618004 0.672928 0.006530 0.010183
2 0.631297 0.658357 0.007929 0.009129
2 0.599930 0.662921 0.007696 0.020365
2 0.720033 0.647647 0.006763 0.010885
2 0.778918 0.643610 0.007463 0.011236
2 0.587453 0.640274 0.005597 0.008076
2 0.631996 0.641854 0.010261 0.023876
2 0.607859 0.633076 0.009095 0.014045
2 0.636427 0.611482 0.003265 0.010183
2 0.606460 0.604810 0.004897 0.019312
2 0.785564 0.604459 0.012826 0.027739
2 0.767024 0.585147 0.007463 0.034059
2 0.738223 0.549157 0.011427 0.013343
2 0.727729 0.546875 0.007229 0.011587
2 0.625350 0.531601 0.004897 0.014747
2 0.616371 0.529670 0.004198 0.023525
2 0.704058 0.516327 0.020056 0.017907
2 0.753848 0.501404 0.004431 0.013343
2 0.744403 0.496313 0.004664 0.008778
2 0.667910 0.501404 0.010728 0.018961
2 0.711754 0.492275 0.004198 0.008427
2 0.742887 0.481917 0.003965 0.006671
2 0.763293 0.485955 0.012593 0.019663
2 0.792211 0.476826 0.004198 0.005618
2 0.653218 0.473139 0.015392 0.018610
2 0.754664 0.468750 0.018657 0.016854
2 0.526586 0.460147 0.003265 0.012289
2 0.502565 0.429249 0.007929 0.007374
2 0.607393 0.427493 0.011894 0.022823
2 0.759562 0.435042 0.019590 0.051966
2 0.762360 0.408708 0.003265 0.004916
2 0.782416 0.410463 0.006530 0.009831
2 0.769240 0.406426 0.007229 0.010885
2 0.757346 0.397999 0.011894 0.017205
2 0.777635 0.397121 0.013759 0.016152
2 0.751632 0.386060 0.004664 0.008076
2 0.701143 0.390625 0.008629 0.017205
2 0.716301 0.375702 0.003965 0.007022
2 0.729128 0.371489 0.003965 0.008427
2 0.695546 0.366924 0.007229 0.009129
2 0.771339 0.375351 0.024953 0.033006
2 0.665112 0.358848 0.004198 0.006320
2 0.739739 0.361306 0.023321 0.033006
2 0.705924 0.351299 0.011660 0.013694
2 0.717934 0.338483 0.006763 0.009129
2 0.647388 0.337254 0.006996 0.008778
2 0.794193 0.337079 0.007229 0.012640
2 0.615322 0.328476 0.013759 0.012289
2 0.695312 0.305478 0.010494 0.011236
2 0.666161 0.318820 0.036147 0.059691
2 0.625816 0.295822 0.051539 0.060042
2 0.602262 0.261938 0.019823 0.016854
2 0.700326 0.254389 0.035448 0.042486
2 0.659282 0.235428 0.006530 0.009480
2 0.641208 0.224544 0.004431 0.006671
2 0.655084 0.222261 0.011194 0.018258
2 0.599464 0.208041 0.003498 0.006671
2 0.632463 0.205758 0.017257 0.010534
2 0.665812 0.206987 0.015858 0.022823
2 0.722948 0.208392 0.014459 0.029143
2 0.708372 0.177142 0.010028 0.012992
2 0.691581 0.175386 0.011894 0.014396