0 0.566814 0.953476 0.003965 0.006671
0 0.620219 0.522296 0.005364 0.007374
0 0.655084 0.520190 0.003731 0.006671
2 0.718400 0.915906 0.003032 0.005267
2 0.620103 0.581461 0.009795 0.012640
2 0.541161 0.564958 0.009562 0.014747
2 0.626399 0.567591 0.013993 0.022121
2 0.650070 0.552317 0.002565 0.003511
2 0.673974 0.551088 0.002332 0.001756
2 0.669310 0.554600 0.006063 0.012992
2 0.644123 0.548631 0.003265 0.004565
2 0.586171 0.546875 0.005830 0.007374
2 0.617188 0.551264 0.016091 0.023174
2 0.608442 0.542486 0.005597 0.005618
2 0.601329 0.542135 0.007229 0.011236
2 0.687383 0.540379 0.008629 0.008427
2 0.659515 0.542486 0.011194 0.012640
2 0.592467 0.535288 0.012360 0.013694
2 0.605177 0.528792 0.004664 0.004916
2 0.685051 0.525983 0.003032 0.004916
2 0.671992 0.534235 0.021688 0.027037
2 0.685051 0.517732 0.005364 0.007374
2 0.679338 0.515801 0.008396 0.009129
2 0.556670 0.514572 0.004664 0.010183
2 0.602495 0.518610 0.011894 0.021067
2 0.687500 0.498947 0.002332 0.003511
2 0.657416 0.499473 0.006996 0.012992
2 0.677472 0.501931 0.014925 0.019312
2 0.564016 0.494733 0.003965 0.005618
2 0.687383 0.493153 0.003032 0.003862
2 0.732043 0.491397 0.002799 0.005267
2 0.652169 0.488764 0.003032 0.004916
2 0.711404 0.484902 0.003032 0.003511
2 0.575560 0.478933 0.002332 0.003511
2 0.623834 0.478933 0.004664 0.006320
2 0.654734 0.478581 0.007696 0.007022
2 0.536147 0.479108 0.011660 0.020014
2 0.678405 0.481039 0.014459 0.026685
2 0.641558 0.467521 0.002799 0.003862
2 0.606343 0.468399 0.006063 0.005618
2 0.741838 0.466468 0.002799 0.003862
2 0.545592 0.468574 0.005830 0.008778
2 0.624534 0.465063 0.003265 0.003862
2 0.659398 0.469277 0.010494 0.012992
2 0.535564 0.466292 0.003965 0.007725
2 0.524837 0.466292 0.008629 0.009831
2 0.652285 0.464888 0.009328 0.014747
2 0.635611 0.460147 0.005364 0.005969
2 0.745219 0.459270 0.003032 0.004916
2 0.645989 0.458041 0.003265 0.003862
2 0.672691 0.451896 0.003498 0.005618
2 0.681320 0.451194 0.003965 0.006320
2 0.581973 0.452423 0.006763 0.010885
2 0.652519 0.451545 0.006996 0.010534
2 0.644939 0.448034 0.003032 0.004916
2 0.847015 0.446805 0.003265 0.005969
2 0.526702 0.449087 0.004897 0.011236
2 0.630247 0.449087 0.008162 0.013343
2 0.669193 0.442240 0.005364 0.005969
2 0.619636 0.439782 0.003265 0.003160
2 0.673507 0.438202 0.003731 0.005618
2 0.835005 0.446805 0.007696 0.024228
2 0.642257 0.439782 0.009328 0.010885
2 0.613456 0.436622 0.006763 0.005267
2 0.554688 0.438729 0.007229 0.014396
2 0.634795 0.432233 0.003731 0.005618
2 0.640858 0.432760 0.006530 0.007374
2 0.724813 0.430302 0.006530 0.011587
2 0.625466 0.432584 0.010728 0.018258
2 0.640625 0.425386 0.007463 0.005969
2 0.526119 0.425386 0.007929 0.009480
2 0.787896 0.415906 0.003032 0.004565
2 0.737990 0.412921 0.002099 0.003511
2 0.717234 0.406952 0.003965 0.007022
2 0.548624 0.409410 0.003965 0.014045
2 0.672225 0.403265 0.004431 0.008778
2 0.609025 0.392907 0.008629 0.009831
2 0.590718 0.400456 0.035448 0.063553
2 0.634795 0.363940 0.002332 0.003862
2 0.551423 0.359551 0.005364 0.007022
2 0.633396 0.346910 0.002332 0.003511
2 0.546175 0.349895 0.009328 0.014396
2 0.548624 0.336025 0.004431 0.009129
2 0.560518 0.332338 0.003032 0.005267
2 0.742188 0.238062 0.001166 0.001404