0 0.453475 0.979108 0.004431 0.005267
0 0.586171 0.963659 0.008162 0.011587
0 0.551772 0.956812 0.003731 0.006320
0 0.545126 0.944347 0.003032 0.005969
0 0.642607 0.923631 0.005364 0.007374
0 0.217467 0.917310 0.002099 0.003160
0 0.561217 0.912044 0.003498 0.005969
0 0.218867 0.903265 0.002099 0.004565
0 0.181203 0.878160 0.003731 0.004916
0 0.192397 0.858848 0.003731 0.004916
0 0.197178 0.841468 0.002099 0.003160
0 0.204408 0.836903 0.002565 0.005267
0 0.433302 0.836903 0.003731 0.005969
0 0.202542 0.831636 0.002099 0.003160
0 0.423391 0.818294 0.003032 0.003862
0 0.173624 0.817416 0.002565 0.004916
0 0.330807 0.806882 0.003032 0.004213
0 0.460821 0.805653 0.001866 0.002458
0 0.230877 0.781952 0.001866 0.003511
0 0.484841 0.750000 0.001399 0.002809
0 0.390858 0.750878 0.004664 0.005267
0 0.343400 0.748244 0.005830 0.007725
0 0.437267 0.743680 0.003265 0.006320
0 0.192980 0.739291 0.003498 0.005267
0 0.516908 0.736482 0.002565 0.004565
0 0.342234 0.730688 0.003032 0.004213
0 0.442864 0.727704 0.003731 0.008076
0 0.127915 0.726650 0.003498 0.005969
0 0.678288 0.723139 0.004431 0.008778
0 0.512243 0.689080 0.002099 0.003862
0 0.542094 0.668539 0.002565 0.006320
0 0.722948 0.655021 0.004664 0.006671
0 0.211637 0.655548 0.007696 0.008427
0 0.253615 0.657479 0.008162 0.012992
0 0.170826 0.646419 0.003498 0.006320
0 0.709538 0.628687 0.007229 0.008076
0 0.175723 0.620787 0.003498 0.006320
0 0.449277 0.618153 0.004897 0.010183
0 0.414646 0.615169 0.003731 0.006320
0 0.383862 0.615520 0.007463 0.011236
0 0.134678 0.605864 0.002099 0.003862
0 0.551306 0.594979 0.002332 0.003862
0 0.110774 0.587079 0.002799 0.004213
0 0.107276 0.580758 0.001866 0.002107
0 0.544660 0.558989 0.007696 0.007725
0 0.251283 0.547226 0.003032 0.003862
0 0.148787 0.543890 0.002799 0.004916
0 0.575676 0.541257 0.002099 0.004565
0 0.167094 0.540204 0.002099 0.004565
0 0.177589 0.534235 0.003498 0.005267
0 0.549207 0.529846 0.003731 0.005618
0 0.562850 0.527388 0.002099 0.002809
0 0.168843 0.527037 0.001399 0.002107
0 0.165229 0.522999 0.002099 0.003862
0 0.841418 0.523876 0.005597 0.007022
0 0.240905 0.520716 0.002332 0.003511
0 0.235774 0.519312 0.003265 0.005618
0 0.584422 0.504565 0.003265 0.004213
0 0.595033 0.495962 0.002565 0.003862
0 0.186917 0.496313 0.004897 0.008076
0 0.087570 0.485779 0.003498 0.005969
0 0.207556 0.486306 0.004198 0.007725
0 0.146572 0.484902 0.006763 0.009129
0 0.419193 0.479635 0.006763 0.006320
0 0.187733 0.473139 0.003265 0.005267
0 0.537896 0.469452 0.006763 0.008427
0 0.442864 0.466994 0.004198 0.012640
0 0.545243 0.456285 0.005131 0.004565
0 0.552355 0.455407 0.007696 0.009129
0 0.549790 0.447858 0.006297 0.004565
0 0.321362 0.435920 0.002799 0.004565
0 0.529734 0.429073 0.003032 0.003511
0 0.514342 0.427844 0.002565 0.003160
0 0.391674 0.428897 0.005364 0.008778
0 0.333605 0.416608 0.004897 0.009480
0 0.356576 0.416081 0.004664 0.009129
0 0.304454 0.413799 0.004431 0.008778
0 0.338153 0.400632 0.002332 0.003511
0 0.388293 0.386236 0.002799 0.004213
0 0.317747 0.372191 0.003498 0.004213
0 0.393890 0.366573 0.004198 0.005618
0 0.292910 0.362711 0.004198 0.006320
0 0.103778 0.360253 0.002332 0.003511
0 0.161614 0.329529 0.002332 0.003862
0 0.385961 0.322683 0.004664 0.007022
0 0.165928 0.318469 0.002565 0.003511
0 0.265159 0.285815 0.005131 0.007022
0 0.479244 0.282654 0.005597 0.007022
0 0.271572 0.281426 0.005364 0.008076
0 0.395522 0.278265 0.007929 0.011587
0 0.344333 0.271067 0.006297 0.007725
0 0.464785 0.269838 0.004664 0.006671
0 0.455107 0.266854 0.003965 0.005618
0 0.397155 0.266152 0.006063 0.009129
0 0.457789 0.260709 0.004198 0.005267
0 0.700793 0.261763 0.004198 0.008778
0 0.192164 0.235604 0.002332 0.005618
0 0.173741 0.235779 0.004664 0.005969
0 0.476096 0.231215 0.004431 0.005969
0 0.267607 0.229635 0.003965 0.005618
0 0.675723 0.221383 0.005364 0.008076
0 0.290928 0.218048 0.004897 0.007725
0 0.322062 0.203652 0.002799 0.003511
0 0.284049 0.203476 0.005131 0.005267
0 0.663013 0.199614 0.004664 0.005969
0 0.220149 0.189958 0.004198 0.007725
0 0.297924 0.184340 0.003498 0.004213
0 0.778801 0.171699 0.004897 0.008427
0 0.485658 0.169593 0.003498 0.005618
0 0.642607 0.171699 0.009562 0.012640
0 0.753848 0.163624 0.003498 0.004916
0 0.754431 0.158006 0.003265 0.004916
0 0.468867 0.156426 0.008162 0.006671
0 0.718284 0.135183 0.003265 0.005618
0 0.469450 0.135183 0.008396 0.009129
0 0.194380 0.126931 0.004431 0.005969
0 0.220849 0.125000 0.001866 0.002809
0 0.207439 0.121840 0.003498 0.004916
0 0.221432 0.118329 0.003498 0.005618
0 0.253731 0.091468 0.004664 0.005969
0 0.698811 0.079705 0.003032 0.005618
0 0.390625 0.082338 0.006530 0.010885
0 0.226096 0.055829 0.007229 0.009129
0 0.541861 0.040204 0.003498 0.005267
0 0.696362 0.014572 0.004198 0.005969
1 0.708372 0.929424 0.016091 0.020365
1 0.343983 0.898174 0.013060 0.010534
1 0.352612 0.894838 0.009795 0.012992
1 0.343284 0.863764 0.007929 0.023876
1 0.311101 0.847612 0.008396 0.011938
1 0.252915 0.836728 0.005830 0.005618
1 0.653451 0.837781 0.008862 0.028090
1 0.508862 0.758251 0.008396 0.008778
1 0.504431 0.752107 0.014925 0.010534
1 0.524953 0.749824 0.006063 0.008778
1 0.697411 0.743504 0.005830 0.018610
1 0.509795 0.718750 0.008396 0.009831
1 0.602962 0.699438 0.003965 0.011236
1 0.703125 0.696103 0.013060 0.035463
1 0.495103 0.676088 0.009328 0.016503
1 0.687617 0.660639 0.016558 0.027037
1 0.541861 0.610779 0.006297 0.006671
1 0.407766 0.590941 0.005364 0.011236
1 0.168144 0.515625 0.006996 0.012289
1 0.152985 0.473666 0.006996 0.009831
1 0.190182 0.448736 0.010494 0.013343
1 0.155667 0.423279 0.005830 0.005267
1 0.387477 0.417837 0.009095 0.007725
1 0.295009 0.373596 0.006063 0.011938
1 0.092934 0.360779 0.003498 0.010183
1 0.304454 0.360253 0.015625 0.013343
1 0.173158 0.310920 0.010961 0.018610
1 0.185634 0.303897 0.003731 0.008076
1 0.187500 0.283181 0.004198 0.008076
1 0.692164 0.250527 0.009328 0.021419
1 0.112873 0.241397 0.002332 0.006671
1 0.119520 0.224017 0.005364 0.007022
1 0.723997 0.144312 0.004431 0.020365
1 0.490555 0.143258 0.010494 0.023876
1 0.341418 0.053371 0.020989 0.017556
1 0.600746 0.015098 0.021455 0.029494
2 0.335588 0.772999 0.004198 0.006671
2 0.324044 0.745787 0.002099 0.002809
2 0.256996 0.745435 0.002332 0.003511
2 0.339902 0.742100 0.003498 0.004565
2 0.323927 0.734375 0.002332 0.003160
2 0.488340 0.728933 0.001399 0.002809
2 0.335005 0.723666 0.002099 0.004213
2 0.295243 0.719628 0.001866 0.002458
2 0.491371 0.720506 0.003731 0.004916
2 0.499300 0.714185 0.002332 0.004213
2 0.362523 0.715414 0.006763 0.007374
2 0.298041 0.710147 0.003265 0.004565
2 0.336171 0.705758 0.004431 0.007022
2 0.306670 0.702423 0.006530 0.008778
2 0.331157 0.696805 0.002332 0.003862
2 0.478545 0.692942 0.003731 0.009480
2 0.466301 0.690133 0.006297 0.008076
2 0.487990 0.687149 0.002565 0.008427
2 0.129548 0.679424 0.002565 0.005618
2 0.529035 0.677669 0.002099 0.004916
2 0.533465 0.676440 0.002099 0.008076
2 0.458372 0.674860 0.003965 0.004916
2 0.458139 0.663448 0.002099 0.005267
2 0.432020 0.660463 0.002565 0.004213
2 0.186101 0.658883 0.001866 0.003160
2 0.468050 0.654670 0.003265 0.008076
2 0.478778 0.653617 0.006530 0.007374
2 0.530317 0.652388 0.003731 0.007725
2 0.512360 0.645892 0.002799 0.004565
2 0.550373 0.645014 0.002332 0.004213
2 0.144007 0.645716 0.003032 0.006320
2 0.545126 0.644312 0.002565 0.007725
2 0.448694 0.641854 0.001866 0.002809
2 0.508046 0.641854 0.002099 0.003511
2 0.499300 0.635885 0.001866 0.003511
2 0.490555 0.640098 0.007229 0.014045
2 0.105177 0.620084 0.002332 0.004213
2 0.316348 0.603406 0.011894 0.015801
2 0.330807 0.594101 0.012360 0.018961
2 0.324277 0.584972 0.004431 0.005618
2 0.810518 0.570225 0.005830 0.007022
2 0.237990 0.567240 0.003032 0.004565
2 0.211287 0.551615 0.002799 0.004213
2 0.112407 0.551088 0.002332 0.004565
2 0.786497 0.549333 0.002099 0.003160
2 0.777635 0.547928 0.005364 0.005267
2 0.855527 0.556355 0.009095 0.029143
2 0.175606 0.527388 0.006063 0.007725
2 0.178405 0.520014 0.006063 0.006320
2 0.146688 0.519487 0.003265 0.005267
2 0.775187 0.518258 0.008862 0.009129
2 0.797924 0.516327 0.009562 0.010183
2 0.815182 0.511412 0.003032 0.004565
2 0.159981 0.510709 0.003731 0.005969
2 0.288363 0.509656 0.004431 0.005969
2 0.184701 0.511060 0.007463 0.008778
2 0.294426 0.506671 0.003965 0.002809
2 0.782183 0.503336 0.002799 0.008778
2 0.163829 0.496138 0.000700 0.001404
2 0.183302 0.496138 0.001866 0.002809
2 0.559002 0.495260 0.001866 0.002458
2 0.555504 0.492802 0.002332 0.003160
2 0.161964 0.493504 0.005830 0.005969
2 0.768190 0.492275 0.003731 0.004213
2 0.299207 0.495260 0.007929 0.015098
2 0.549557 0.487184 0.002565 0.004565
2 0.390042 0.486131 0.003965 0.003862
2 0.556203 0.484902 0.001866 0.002809
2 0.379314 0.488764 0.008162 0.011236
2 0.760611 0.487008 0.006763 0.008427
2 0.311217 0.483848 0.003965 0.004213
2 0.387127 0.481039 0.003731 0.003511
2 0.296409 0.481566 0.006530 0.009480
2 0.554921 0.477177 0.002565 0.002107
2 0.307603 0.476826 0.004198 0.003511
2 0.357976 0.477177 0.007463 0.006320
2 0.370802 0.473841 0.005131 0.004565
2 0.552822 0.472261 0.002099 0.004916
2 0.810285 0.471383 0.010028 0.009480
2 0.372201 0.467346 0.002332 0.003511
2 0.567048 0.467697 0.003032 0.004916
2 0.318913 0.469628 0.007696 0.010885
2 0.287896 0.474368 0.018890 0.022472
2 0.267141 0.467346 0.006297 0.008427
2 0.330340 0.498947 0.076259 0.073736
2 0.295476 0.463659 0.006996 0.005267
2 0.268074 0.460499 0.003498 0.003160
2 0.378265 0.456285 0.004198 0.004565
2 0.310051 0.455583 0.002565 0.003160
2 0.804454 0.455407 0.006763 0.004213
2 0.600280 0.454354 0.002799 0.004213
2 0.816348 0.453125 0.012826 0.012992
2 0.332206 0.450140 0.017024 0.011938
2 0.280900 0.453125 0.017491 0.017907
2 0.289762 0.447683 0.005364 0.008427
2 0.802472 0.447331 0.008396 0.008427
2 0.374417 0.443469 0.003965 0.004213
2 0.834422 0.442065 0.005131 0.009831
2 0.391325 0.457514 0.024720 0.042135
2 0.406483 0.441362 0.009328 0.010534
2 0.272621 0.442065 0.007463 0.013343
2 0.284515 0.436798 0.002799 0.003511
2 0.262477 0.445927 0.013759 0.028090
2 0.819146 0.436622 0.012360 0.012289
2 0.280900 0.433638 0.005364 0.007022
2 0.399137 0.431004 0.003498 0.003862
2 0.240322 0.429951 0.003498 0.005267
2 0.381413 0.431180 0.005364 0.009831
2 0.171525 0.428020 0.004431 0.005618
2 0.257812 0.427493 0.010028 0.011587
2 0.279501 0.424333 0.003965 0.007374
2 0.379897 0.421524 0.003265 0.005267
2 0.181320 0.420119 0.002099 0.003862
2 0.406367 0.425386 0.010028 0.019312
2 0.250466 0.417135 0.005597 0.004213
2 0.409049 0.414677 0.003265 0.003511
2 0.300373 0.417135 0.004198 0.008427
2 0.227729 0.410288 0.006297 0.005969
2 0.182486 0.407830 0.004431 0.005969
2 0.399720 0.406777 0.003731 0.004565
2 0.428988 0.404670 0.004431 0.005969
2 0.272388 0.404494 0.002799 0.006320
2 0.422575 0.403792 0.005597 0.005618
2 0.386544 0.403792 0.003498 0.005618
2 0.432836 0.399052 0.004664 0.004565
2 0.281483 0.403617 0.010261 0.018610
2 0.413363 0.397472 0.007229 0.007725
2 0.400653 0.394838 0.002799 0.005969
2 0.219216 0.395365 0.006530 0.007022
2 0.376399 0.393434 0.002799 0.003862
2 0.421175 0.391327 0.003265 0.002458
2 0.262127 0.405723 0.023321 0.031250
2 0.426189 0.391152 0.003032 0.004916
2 0.467467 0.389045 0.003032 0.004213
2 0.348764 0.390625 0.007696 0.007374
2 0.407999 0.384129 0.005364 0.004213
2 0.255014 0.384480 0.007696 0.004916
2 0.464785 0.382725 0.003265 0.004213
2 0.224347 0.383603 0.004664 0.005969
2 0.217234 0.384480 0.005364 0.008427
2 0.258396 0.377633 0.001866 0.001756
2 0.427472 0.380091 0.008396 0.007374
2 0.417094 0.378336 0.003032 0.003862
2 0.381297 0.378336 0.003265 0.003862
2 0.264109 0.374122 0.005364 0.005267
2 0.479244 0.370787 0.003731 0.004213
2 0.338503 0.374298 0.011894 0.014045
2 0.266441 0.368855 0.004431 0.004565
2 0.243004 0.371313 0.008396 0.009480
2 0.412663 0.365871 0.004431 0.004213
2 0.402519 0.364993 0.003731 0.003160
2 0.227962 0.370787 0.009562 0.018258
2 0.329874 0.364642 0.005830 0.007374
2 0.452542 0.360779 0.002099 0.003862
2 0.251516 0.367978 0.015159 0.018258
2 0.413246 0.357444 0.003265 0.004213
2 0.388176 0.356917 0.003498 0.004565
2 0.470965 0.355688 0.003498 0.004213
2 0.444846 0.356215 0.006763 0.008076
2 0.344799 0.358322 0.006763 0.012289
2 0.375700 0.355337 0.005131 0.007022
2 0.263643 0.353933 0.008629 0.011236
2 0.423974 0.360779 0.018190 0.031250
2 0.218284 0.349017 0.007929 0.010534
2 0.467001 0.346559 0.007696 0.006320
2 0.338503 0.343926 0.008162 0.012289
2 0.465835 0.338483 0.014226 0.005618
2 0.235658 0.335850 0.002565 0.005267
2 0.808302 0.336376 0.006996 0.009129
2 0.481926 0.336376 0.010961 0.011938
2 0.248368 0.339010 0.021922 0.022823
2 0.248717 0.326018 0.003498 0.003862
2 0.839902 0.325492 0.004897 0.006320
2 0.369520 0.351124 0.053405 0.062500
2 0.266674 0.325316 0.017491 0.012289
2 0.216768 0.319522 0.002565 0.002107
2 0.469450 0.319874 0.008396 0.011938
2 0.453591 0.322507 0.017724 0.020716
2 0.226796 0.314080 0.003032 0.005267
2 0.253965 0.317416 0.013526 0.012640
2 0.241255 0.314958 0.011427 0.010534
2 0.420126 0.324263 0.054804 0.030548
2 0.314132 0.311973 0.009795 0.005969
2 0.268307 0.312149 0.009562 0.006320
2 0.354944 0.311973 0.013993 0.011587
2 0.501516 0.310744 0.006297 0.010534
2 0.459888 0.309515 0.006996 0.009480
2 0.398438 0.305478 0.006763 0.006320
2 0.391908 0.303897 0.003965 0.004565
2 0.272971 0.301615 0.009095 0.002809
2 0.443797 0.300386 0.012127 0.007374
2 0.409165 0.297226 0.003032 0.005267
2 0.417561 0.299684 0.014226 0.013694
2 0.447178 0.294242 0.002565 0.004213
2 0.225280 0.293364 0.004664 0.003160
2 0.275770 0.293539 0.008629 0.007725
2 0.408699 0.289677 0.010028 0.006320
2 0.347598 0.293890 0.012360 0.016152
2 0.254664 0.296524 0.008396 0.022121
2 0.450093 0.287570 0.003731 0.004916
2 0.228895 0.286868 0.003965 0.005618
2 0.443214 0.284410 0.002099 0.004213
2 0.431320 0.285463 0.013293 0.008427
2 0.415462 0.281601 0.005364 0.006320
2 0.312150 0.274579 0.006297 0.003511
2 0.228078 0.271419 0.004198 0.004213
2 0.513526 0.267907 0.003731 0.007022
2 0.241721 0.267381 0.006763 0.007374
2 0.235774 0.260358 0.004664 0.002458
2 0.336287 0.258427 0.005131 0.005618
2 0.407999 0.256847 0.005830 0.004565
2 0.248018 0.258603 0.004897 0.008076
2 0.448344 0.258954 0.005830 0.009480
2 0.368354 0.283181 0.028218 0.057935
2 0.434935 0.255969 0.004198 0.006320
2 0.392024 0.254565 0.006530 0.004213
2 0.277868 0.273525 0.037547 0.044944
2 0.409282 0.251931 0.002799 0.003160
2 0.479361 0.255794 0.007696 0.012289
2 0.310285 0.275456 0.042677 0.054424
2 0.363456 0.251229 0.006763 0.014396
2 0.335938 0.248947 0.019823 0.012640
2 0.260844 0.244909 0.009095 0.007374
2 0.280084 0.246313 0.013060 0.010885
2 0.325443 0.242275 0.004431 0.004916
2 0.402868 0.241222 0.003965 0.003511
2 0.429571 0.243153 0.004664 0.009480
2 0.317048 0.239642 0.003498 0.003160
2 0.416511 0.249298 0.012127 0.028090
2 0.420826 0.238237 0.008629 0.010183
2 0.304221 0.240695 0.012360 0.015801
2 0.249650 0.234551 0.004431 0.004213
2 0.459072 0.235253 0.004897 0.006320
2 0.386544 0.237008 0.020289 0.023876
2 0.434118 0.228230 0.025420 0.026685
2 0.804571 0.214712 0.007463 0.008778
2 0.263293 0.214010 0.005597 0.008076
2 0.215602 0.142381 0.005364 0.004565
2 0.548507 0.119031 0.006530 0.004213
3 0.362057 0.871489 0.033349 0.038624
3 0.383162 0.861482 0.015858 0.031250
3 0.152052 0.850772 0.027985 0.058989
3 0.523554 0.551088 0.037780 0.048806
3 0.461870 0.512992 0.028685 0.048455
3 0.423158 0.467170 0.015159 0.025632
3 0.179338 0.189782 0.016325 0.024228
3 0.177472 0.143610 0.045243 0.049860