0 0.498484 0.850421 0.004897 0.007725
0 0.374767 0.814958 0.003731 0.004916
0 0.661031 0.710147 0.005364 0.008076
0 0.814249 0.691362 0.005830 0.007725
0 0.820779 0.663448 0.007696 0.011587
0 0.455107 0.642732 0.004431 0.007374
0 0.419893 0.629916 0.005364 0.007725
0 0.727495 0.622718 0.006297 0.009480
0 0.290578 0.582865 0.003731 0.005618
0 0.616488 0.571454 0.003032 0.004565
0 0.721898 0.563027 0.004431 0.008076
0 0.385145 0.540730 0.003965 0.005618
0 0.453242 0.531952 0.006297 0.009831
0 0.439132 0.520365 0.005131 0.007725
0 0.697178 0.514747 0.003498 0.005618
0 0.663829 0.495084 0.003965 0.005618
0 0.445546 0.486657 0.005364 0.007725
0 0.686217 0.474719 0.004431 0.006320
0 0.769823 0.466117 0.003265 0.005969
0 0.640975 0.453827 0.002565 0.003862
0 0.627682 0.447858 0.002099 0.003862
0 0.513526 0.446103 0.006063 0.008778
0 0.350280 0.415555 0.006530 0.009480
0 0.787780 0.394312 0.005131 0.006320
0 0.402052 0.388869 0.003731 0.004565
0 0.381880 0.387465 0.005830 0.009480
0 0.395989 0.385007 0.004198 0.007374
0 0.537780 0.349895 0.003731 0.005267
0 0.323111 0.344979 0.005364 0.008778
0 0.520989 0.338659 0.004664 0.006671
0 0.552589 0.331110 0.003032 0.004916
0 0.497201 0.327774 0.003265 0.004565
0 0.526003 0.326896 0.003498 0.004916
0 0.535564 0.320576 0.003965 0.006320
0 0.493703 0.316889 0.002799 0.004565
0 0.503382 0.317240 0.005364 0.007374
0 0.509445 0.313553 0.003965 0.006320
0 0.784981 0.306531 0.005131 0.006320
0 0.548624 0.307584 0.005364 0.009129
0 0.609725 0.303722 0.002565 0.004213
0 0.663246 0.297051 0.002799 0.004213
0 0.610308 0.290730 0.004664 0.007022
0 0.532416 0.267205 0.005597 0.007022
0 0.393657 0.263518 0.004198 0.005969
0 0.611824 0.254038 0.005830 0.009480
0 0.547108 0.240344 0.008396 0.012289
0 0.463503 0.217521 0.003498 0.005267
0 0.599230 0.213834 0.003498 0.005618
0 0.523904 0.204881 0.005364 0.006671
0 0.641674 0.194171 0.003498 0.004916
0 0.532766 0.177493 0.005364 0.008076
0 0.345382 0.146945 0.003731 0.005267
0 0.604827 0.146419 0.003498 0.004916
0 0.643424 0.146243 0.004664 0.006671
0 0.613923 0.141503 0.003498 0.005618
0 0.610891 0.126229 0.003498 0.005267
0 0.647038 0.118504 0.002565 0.003862
0 0.635261 0.110955 0.002332 0.003511
0 0.506180 0.100246 0.003498 0.005267
0 0.251516 0.091819 0.003965 0.005969
0 0.650536 0.092872 0.007229 0.009480
0 0.583955 0.084796 0.003731 0.005267
1 0.483559 0.959094 0.018890 0.025632
1 0.754431 0.882198 0.025653 0.034761
1 0.375117 0.804249 0.009562 0.010885
1 0.574743 0.607971 0.006763 0.025632
1 0.733792 0.584972 0.011427 0.024579
1 0.738340 0.541784 0.005131 0.017556
1 0.648438 0.497542 0.015625 0.018961
1 0.636894 0.435744 0.009328 0.009831
1 0.756763 0.447156 0.036381 0.052317
1 0.510611 0.356215 0.014226 0.022823
1 0.545009 0.330232 0.006996 0.014396
1 0.788013 0.331636 0.033582 0.054424
1 0.833022 0.313378 0.026119 0.051615
1 0.535564 0.291081 0.012826 0.025281
1 0.796758 0.283181 0.011427 0.013694
1 0.777169 0.282830 0.016558 0.018610
1 0.550490 0.282479 0.017491 0.035463
1 0.766208 0.273174 0.012826 0.028090
1 0.149837 0.259656 0.012826 0.010885
1 0.350979 0.260709 0.027519 0.034761
1 0.757579 0.251931 0.019356 0.018610
1 0.341768 0.185569 0.035215 0.036868
1 0.414179 0.169242 0.011194 0.021067
1 0.336637 0.145365 0.021688 0.020365
1 0.681320 0.121840 0.006763 0.009831
1 0.363106 0.056706 0.020522 0.027739
2 0.342351 0.726124 0.006063 0.007725
2 0.570079 0.227879 0.002099 0.003511
2 0.561800 0.212079 0.012593 0.009129
2 0.541978 0.207690 0.004198 0.004565
2 0.558652 0.201018 0.013293 0.011587