0 0.468400 0.861482 0.004431 0.005969
0 0.454757 0.843574 0.003265 0.005969
0 0.379548 0.832865 0.002099 0.003511
0 0.219799 0.818469 0.004897 0.008427
0 0.298857 0.813378 0.002565 0.003862
0 0.302822 0.762114 0.004897 0.007374
0 0.214552 0.728757 0.005131 0.007374
0 0.326259 0.686622 0.004664 0.005969
0 0.308885 0.684164 0.003965 0.005969
0 0.194846 0.638694 0.002565 0.003511
0 0.197062 0.633603 0.003265 0.005267
0 0.309352 0.618329 0.003498 0.006320
0 0.249534 0.552844 0.002332 0.004565
0 0.270522 0.548631 0.003265 0.004565
0 0.248834 0.543013 0.003265 0.004565
0 0.276469 0.536341 0.003032 0.005267
0 0.154035 0.534761 0.003498 0.004916
0 0.488340 0.520716 0.003265 0.004916
0 0.573111 0.515976 0.004897 0.005969
0 0.253498 0.503862 0.002332 0.003511
0 0.122785 0.479635 0.003032 0.004213
0 0.403335 0.476650 0.005364 0.008778
0 0.359958 0.436096 0.003498 0.004916
0 0.360075 0.330934 0.004198 0.005969
0 0.367421 0.312851 0.003965 0.006320
0 0.432952 0.269487 0.004431 0.007374
0 0.493470 0.256671 0.003265 0.004213
0 0.432836 0.256496 0.004198 0.006671
0 0.332906 0.252633 0.003032 0.004565
0 0.488689 0.252985 0.004431 0.006671
0 0.485658 0.245787 0.003498 0.004916
0 0.334188 0.243153 0.003265 0.003862
0 0.484608 0.240169 0.002799 0.004213
0 0.439482 0.241573 0.005830 0.007725
0 0.496735 0.228933 0.004664 0.005618
0 0.314016 0.196805 0.008162 0.010183
0 0.350513 0.139396 0.005597 0.007725
0 0.405084 0.134129 0.004664 0.004916
0 0.321828 0.130969 0.002799 0.003511
0 0.332323 0.128336 0.002332 0.003160
0 0.342934 0.116924 0.004897 0.006320
0 0.369520 0.107795 0.002099 0.003511
0 0.438200 0.099719 0.003265 0.004213
1 0.300723 0.978757 0.012360 0.008778
1 0.185168 0.860779 0.020056 0.024930
1 0.765042 0.860428 0.045476 0.072683
1 0.467584 0.683638 0.054104 0.044944
1 0.222132 0.589010 0.004431 0.009480
1 0.168144 0.520716 0.012127 0.014045
1 0.852029 0.521419 0.015625 0.036517
1 0.209771 0.503160 0.006297 0.009831
1 0.394939 0.483848 0.010961 0.021770
1 0.449160 0.121840 0.033582 0.015449
2 0.305854 0.737008 0.003498 0.004916
2 0.308652 0.732619 0.002565 0.003160
2 0.310984 0.728933 0.001632 0.002107
2 0.313433 0.727879 0.002332 0.004213
2 0.311101 0.725070 0.002332 0.004213
2 0.311684 0.720681 0.002565 0.003862
2 0.312034 0.714010 0.001866 0.002458
2 0.162780 0.686271 0.003265 0.003862
2 0.307836 0.678371 0.002332 0.002809
2 0.308419 0.674508 0.002099 0.002107
2 0.318447 0.636236 0.003032 0.003511
2 0.338036 0.635709 0.003498 0.003862
2 0.325326 0.618329 0.002332 0.003511
2 0.327425 0.602001 0.002332 0.003160
2 0.329874 0.593574 0.003032 0.003160
2 0.284515 0.550035 0.002332 0.002458
2 0.288013 0.546875 0.002799 0.004565
2 0.286497 0.543013 0.002099 0.003160
2 0.313549 0.540204 0.002099 0.002458
2 0.291511 0.539501 0.001399 0.001756
2 0.300723 0.532303 0.003498 0.007022
2 0.468517 0.370962 0.002799 0.005969
2 0.463736 0.364115 0.007229 0.003511
2 0.447528 0.364993 0.005131 0.006671
2 0.470849 0.359199 0.001399 0.002809
2 0.459771 0.347612 0.002099 0.002809
2 0.494520 0.296524 0.003965 0.008076
2 0.449160 0.213483 0.001866 0.003511
2 0.448811 0.205232 0.002565 0.006671
2 0.442980 0.196629 0.003032 0.007022
2 0.431437 0.195400 0.002799 0.005267
2 0.460238 0.189080 0.005830 0.007374
2 0.447645 0.183989 0.003965 0.008427
2 0.439832 0.175035 0.002799 0.003862
2 0.434468 0.171173 0.002332 0.003862
2 0.464785 0.166959 0.003731 0.005267
2 0.455924 0.167135 0.004198 0.009129
2 0.448577 0.170295 0.005830 0.015449
2 0.468050 0.163975 0.001399 0.003511
2 0.458605 0.159410 0.002099 0.003511
2 0.439949 0.159937 0.003032 0.008778
2 0.458256 0.059164 0.001399 0.003160
2 0.440532 0.050035 0.001866 0.002458