0 0.321362 0.903968 0.002799 0.003862
0 0.313666 0.883954 0.002332 0.003862
0 0.455107 0.878511 0.004431 0.005618
0 0.493354 0.876053 0.002565 0.004213
0 0.623484 0.857971 0.003965 0.005969
0 0.658699 0.852528 0.003498 0.005618
0 0.225979 0.838308 0.004198 0.007374
0 0.777985 0.833216 0.003265 0.005618
0 0.756180 0.813729 0.003498 0.004565
0 0.640625 0.803020 0.003731 0.005618
0 0.654035 0.772823 0.003498 0.004916
0 0.269939 0.764572 0.003032 0.005267
0 0.196595 0.741573 0.003265 0.004916
0 0.196129 0.735253 0.003265 0.004213
0 0.193330 0.721032 0.002799 0.003862
0 0.638293 0.674860 0.002799 0.004916
0 0.687850 0.621489 0.003032 0.004916
0 0.553288 0.599368 0.002565 0.004213
0 0.778801 0.561096 0.003498 0.005618
0 0.625816 0.553722 0.004431 0.006320
0 0.714785 0.527914 0.004664 0.005267
0 0.694963 0.497367 0.004198 0.006671
0 0.095965 0.482619 0.002099 0.003862
0 0.642607 0.477528 0.003032 0.004916
0 0.744636 0.400281 0.003731 0.006320
0 0.485424 0.369206 0.003498 0.004565
0 0.606693 0.353230 0.003965 0.004916
0 0.661730 0.343223 0.003032 0.003862
0 0.611007 0.334094 0.002799 0.004565
0 0.417677 0.263518 0.004198 0.005267
0 0.406950 0.136938 0.003731 0.004916
0 0.500933 0.122718 0.006063 0.007374
0 0.254314 0.100421 0.003032 0.004213
0 0.561800 0.049684 0.003265 0.004565
0 0.433302 0.030548 0.004664 0.006320
1 0.467001 0.824263 0.009095 0.017205
1 0.344683 0.118153 0.010728 0.020716
1 0.431087 0.017556 0.007229 0.012640
2 0.507346 0.819698 0.002099 0.003160
2 0.126866 0.652563 0.001866 0.002458
2 0.437850 0.603581 0.003032 0.005618
2 0.575443 0.560393 0.002099 0.003511
2 0.097948 0.448209 0.002332 0.004565
2 0.611824 0.361482 0.008162 0.008076
2 0.592817 0.357268 0.008862 0.013694
2 0.643773 0.343399 0.002099 0.002107
2 0.531600 0.112008 0.004897 0.007022
2 0.541511 0.103406 0.006996 0.010885
2 0.550023 0.085499 0.003032 0.003862
2 0.528451 0.081636 0.010728 0.010885
2 0.541278 0.070400 0.005131 0.007374
2 0.520173 0.065485 0.004431 0.010885
2 0.507696 0.062324 0.013060 0.019312
2 0.520522 0.051791 0.004664 0.008076
2 0.553288 0.014747 0.007229 0.013343
2 0.526819 0.012465 0.004198 0.008778
2 0.532183 0.005091 0.003265 0.005969