0 0.566698 0.956285 0.004198 0.005969
0 0.421758 0.898701 0.002565 0.004565
0 0.291978 0.887992 0.001866 0.003511
0 0.355993 0.885007 0.004431 0.007374
0 0.281250 0.883778 0.003265 0.004916
0 0.291511 0.879389 0.003731 0.005969
0 0.321828 0.877282 0.002332 0.003862
0 0.240905 0.859551 0.002799 0.004916
0 0.750350 0.858146 0.004897 0.007725
0 0.220149 0.843574 0.004198 0.006671
0 0.287896 0.823385 0.001166 0.001404
0 0.420243 0.806706 0.006063 0.008076
0 0.239389 0.805829 0.003965 0.006320
0 0.381297 0.772647 0.003265 0.005267
0 0.302472 0.764923 0.004664 0.006671
0 0.748601 0.755794 0.003265 0.005969
0 0.255247 0.738940 0.002565 0.003862
0 0.279501 0.734551 0.003032 0.004213
0 0.164062 0.737360 0.006297 0.010534
0 0.150420 0.731390 0.001399 0.002107
0 0.814715 0.727704 0.003498 0.005267
0 0.152169 0.720506 0.004431 0.005618
0 0.148088 0.716819 0.001399 0.001756
0 0.421059 0.688027 0.003965 0.006671
0 0.425023 0.684164 0.002099 0.003160
0 0.137010 0.682233 0.003498 0.004916
0 0.350746 0.669768 0.003265 0.004565
0 0.123951 0.664501 0.002099 0.003862
0 0.169543 0.658357 0.003731 0.004916
0 0.245569 0.655197 0.002799 0.004213
0 0.239272 0.655548 0.004664 0.007022
0 0.293960 0.643434 0.005830 0.008076
0 0.240322 0.639221 0.003965 0.006671
0 0.297924 0.635007 0.003032 0.005267
0 0.278568 0.633427 0.003032 0.004213
0 0.316931 0.631496 0.004664 0.008076
0 0.821479 0.628687 0.004897 0.006671
0 0.795243 0.626404 0.003731 0.007022
0 0.808069 0.626229 0.004664 0.007374
0 0.800373 0.616222 0.003731 0.006320
0 0.766791 0.587781 0.003731 0.005618
0 0.763293 0.576369 0.004664 0.007374
0 0.145872 0.565309 0.003498 0.005618
0 0.310168 0.556882 0.003265 0.004916
0 0.186917 0.549333 0.002099 0.003160
0 0.307719 0.547928 0.004431 0.006671
0 0.232743 0.543539 0.005131 0.007022
0 0.507696 0.532303 0.006530 0.009129
0 0.219683 0.523174 0.002332 0.004916
0 0.140159 0.520190 0.003731 0.005969
0 0.800723 0.495435 0.004897 0.007725
0 0.535681 0.495084 0.004664 0.007022
0 0.802355 0.487711 0.002565 0.004213
0 0.218983 0.482444 0.003265 0.004916
0 0.252215 0.475772 0.002099 0.003511
0 0.255014 0.473841 0.001632 0.002458
0 0.219566 0.471910 0.001632 0.003511
0 0.541045 0.470506 0.003265 0.004213
0 0.375700 0.469277 0.005131 0.008778
0 0.230177 0.463834 0.004664 0.007725
0 0.143890 0.447156 0.002799 0.004565
0 0.214436 0.446980 0.003965 0.006320
0 0.568447 0.433989 0.006297 0.013343
0 0.235891 0.413097 0.003032 0.005969
0 0.248951 0.408883 0.004897 0.008076
0 0.107626 0.401861 0.005830 0.008778
0 0.686917 0.392556 0.004897 0.007022
0 0.165112 0.390274 0.004664 0.009480
0 0.110774 0.390098 0.005131 0.009831
0 0.513176 0.368329 0.003965 0.004916
0 0.417794 0.357093 0.002565 0.004213
0 0.471549 0.356390 0.004198 0.006320
0 0.370452 0.352001 0.002565 0.004565
0 0.363689 0.346208 0.002565 0.004213
0 0.368237 0.343926 0.001866 0.003160
0 0.370219 0.343048 0.001166 0.002107
0 0.371852 0.342170 0.001632 0.002458
0 0.426306 0.334621 0.002332 0.004213
0 0.379081 0.333567 0.006763 0.007725
0 0.736824 0.327247 0.003965 0.007022
0 0.417910 0.325667 0.006063 0.008778
0 0.421758 0.318469 0.004431 0.008427
0 0.305620 0.309867 0.002565 0.004565
0 0.271922 0.308638 0.003265 0.005618
0 0.394123 0.305478 0.003265 0.004916
0 0.386544 0.307058 0.004897 0.008076
0 0.266091 0.303722 0.003731 0.006320
0 0.275070 0.294944 0.006297 0.010534
0 0.399953 0.291257 0.004198 0.006671
0 0.136311 0.279319 0.003032 0.005267
0 0.427239 0.278090 0.004664 0.006320
0 0.190299 0.276159 0.003265 0.005969
0 0.420009 0.272647 0.003731 0.005267
0 0.621385 0.261060 0.004431 0.007374
0 0.231693 0.251404 0.003965 0.006320
0 0.276469 0.240344 0.002565 0.003862
0 0.326726 0.216643 0.006530 0.009831
0 0.688316 0.212430 0.003965 0.005618
0 0.326026 0.143434 0.004664 0.006671
0 0.261311 0.120611 0.004897 0.006671
0 0.621035 0.102704 0.004664 0.008076
0 0.423974 0.097788 0.004664 0.007374
0 0.516441 0.089888 0.003498 0.005618
0 0.561567 0.047753 0.004664 0.007022
1 0.387243 0.884656 0.008162 0.017907
1 0.228312 0.868329 0.009328 0.013343
1 0.391558 0.866924 0.006996 0.017556
1 0.363106 0.846559 0.006530 0.012640
1 0.201726 0.844979 0.006063 0.017205
1 0.211987 0.825492 0.008396 0.011938
1 0.716884 0.804073 0.015858 0.020365
1 0.718050 0.780372 0.009795 0.010183
1 0.133279 0.744031 0.009562 0.010534
1 0.135378 0.695049 0.006763 0.015801
1 0.549207 0.668539 0.010728 0.011236
1 0.131063 0.663799 0.008396 0.012289
1 0.811334 0.655548 0.018190 0.018961
1 0.755480 0.636412 0.006763 0.009480
1 0.811684 0.635534 0.005830 0.013343
1 0.817048 0.615871 0.009562 0.009831
1 0.749534 0.578652 0.008862 0.011236
1 0.254548 0.596032 0.022621 0.050211
1 0.231926 0.522823 0.006297 0.005618
1 0.221199 0.515801 0.009095 0.013343
1 0.785798 0.513869 0.011894 0.022823
1 0.429688 0.494558 0.005364 0.013694
1 0.191115 0.448912 0.002565 0.005267
1 0.222248 0.423631 0.013060 0.018610
1 0.244170 0.420822 0.008396 0.015098
1 0.234608 0.403441 0.005131 0.011236
1 0.275303 0.400281 0.005364 0.011236
1 0.229011 0.382022 0.014925 0.030899
1 0.443447 0.374473 0.006763 0.016503
1 0.383862 0.354284 0.007463 0.010534
1 0.420709 0.349895 0.002799 0.007374
1 0.431670 0.323034 0.006530 0.007725
1 0.405201 0.313553 0.004897 0.009831
1 0.414179 0.314431 0.007463 0.015098
1 0.374300 0.310744 0.022854 0.019663
1 0.661031 0.309691 0.008162 0.025281
1 0.397621 0.302844 0.006530 0.013694
1 0.425606 0.298982 0.006530 0.013694
1 0.413479 0.298631 0.010261 0.013694
1 0.422458 0.285288 0.004431 0.009480
1 0.623951 0.210499 0.006297 0.014396
1 0.274137 0.186798 0.005830 0.019663
1 0.190065 0.119909 0.006996 0.012289
1 0.328825 0.109199 0.007929 0.014045
1 0.336171 0.075667 0.008629 0.011587
1 0.466301 0.028090 0.039412 0.054775
2 0.432369 0.913799 0.002799 0.004565
2 0.437850 0.908532 0.002565 0.006671
2 0.428521 0.900983 0.001632 0.004213
2 0.409282 0.900281 0.004198 0.007725
2 0.430037 0.868855 0.002799 0.006671
2 0.296059 0.859375 0.010494 0.011587
2 0.291861 0.854108 0.001632 0.002458
2 0.277285 0.847963 0.001866 0.002809
2 0.285215 0.844803 0.003265 0.002809
2 0.340368 0.846735 0.003498 0.007374
2 0.345732 0.845681 0.004431 0.006671
2 0.313549 0.850070 0.010494 0.015449
2 0.299440 0.839537 0.002799 0.002809
2 0.271339 0.839010 0.004431 0.004565
2 0.327892 0.846383 0.020056 0.021419
2 0.332556 0.836376 0.002332 0.003511
2 0.316698 0.835674 0.003265 0.002809
2 0.290112 0.835850 0.002799 0.003862
2 0.404967 0.834796 0.003032 0.005969
2 0.294426 0.832163 0.002099 0.002809
2 0.335005 0.829178 0.002565 0.003862
2 0.290112 0.829003 0.001866 0.003511
2 0.290345 0.823385 0.001866 0.002107
2 0.279967 0.833392 0.012360 0.022823
2 0.266674 0.827423 0.005364 0.012992
2 0.332556 0.815309 0.001399 0.002809
2 0.280784 0.816538 0.002332 0.005969
2 0.284515 0.814782 0.004664 0.007374
2 0.304804 0.807058 0.001866 0.002458
2 0.301889 0.805653 0.001632 0.002458
2 0.304221 0.802317 0.002099 0.002809
2 0.280317 0.805126 0.008862 0.009129
2 0.272971 0.804600 0.004431 0.009480
2 0.263526 0.805829 0.013060 0.015449
2 0.308535 0.798279 0.001399 0.001756
2 0.377682 0.799860 0.003498 0.005618
2 0.255597 0.794066 0.006996 0.006671
2 0.261777 0.791433 0.003032 0.003511
2 0.269590 0.791608 0.002332 0.004565
2 0.321712 0.793013 0.003032 0.010183
2 0.392957 0.790204 0.005131 0.006671
2 0.266791 0.788272 0.002799 0.004213
2 0.223881 0.785990 0.003731 0.003862
2 0.254781 0.785112 0.003032 0.002809
2 0.249650 0.785112 0.001632 0.002809
2 0.299790 0.783532 0.001632 0.002458
2 0.238689 0.783532 0.001632 0.002458
2 0.333489 0.784235 0.004664 0.005969
2 0.222481 0.782128 0.002332 0.003160
2 0.276119 0.781601 0.002799 0.003511
2 0.254314 0.780899 0.002099 0.002809
2 0.272971 0.777212 0.002099 0.003160
2 0.259678 0.773876 0.002099 0.003511
2 0.275303 0.771945 0.003032 0.003862
2 0.266791 0.771243 0.002332 0.003160
2 0.802006 0.771067 0.003265 0.004213
2 0.263993 0.762465 0.002799 0.004565
2 0.226679 0.769312 0.019123 0.023876
2 0.805620 0.758427 0.004431 0.007725
2 0.242654 0.758076 0.003965 0.007725
2 0.247551 0.754213 0.002565 0.003511
2 0.789762 0.754213 0.006297 0.007725
2 0.802006 0.752633 0.003265 0.005969
2 0.422458 0.749298 0.005364 0.010534
2 0.241021 0.742978 0.005830 0.007022
2 0.242188 0.735955 0.001166 0.002809
2 0.402635 0.758076 0.019823 0.047753
2 0.362640 0.733848 0.001866 0.002809
2 0.252449 0.731917 0.002565 0.003160
2 0.246735 0.731039 0.001866 0.003511
2 0.368587 0.730513 0.002099 0.005969
2 0.358326 0.730864 0.003032 0.008778
2 0.423974 0.731742 0.010728 0.012640
2 0.360658 0.724895 0.003498 0.005267
2 0.800023 0.721383 0.003498 0.004565
2 0.257579 0.717170 0.002565 0.003862
2 0.246502 0.712430 0.002799 0.003511
2 0.185984 0.708743 0.003032 0.005267
2 0.286381 0.708041 0.004664 0.005969
2 0.243354 0.707514 0.002565 0.004916
2 0.291628 0.706285 0.001166 0.003160
2 0.248951 0.705056 0.002099 0.004213
2 0.412663 0.703476 0.003498 0.003862
2 0.232626 0.701369 0.002099 0.003160
2 0.785798 0.700140 0.003498 0.007022
2 0.400420 0.699087 0.005131 0.009129
2 0.260028 0.695751 0.001866 0.002458
2 0.186334 0.697507 0.001866 0.006671
2 0.215602 0.695225 0.002099 0.002809
2 0.220266 0.693996 0.002099 0.003862
2 0.395289 0.692767 0.002799 0.003511
2 0.226096 0.691889 0.003032 0.007374
2 0.212337 0.690133 0.003498 0.004565
2 0.223881 0.735604 0.060168 0.096208
2 0.232859 0.687851 0.003032 0.004213
2 0.407882 0.692767 0.006530 0.016152
2 0.217934 0.683287 0.002565 0.004213
2 0.228078 0.678020 0.002332 0.002809
2 0.201143 0.675035 0.001632 0.002458
2 0.366721 0.675386 0.004897 0.008778
2 0.219100 0.671699 0.002099 0.003511
2 0.391558 0.672051 0.003731 0.004916
2 0.191931 0.672753 0.003731 0.007022
2 0.181553 0.670822 0.002099 0.003862
2 0.398671 0.669417 0.002565 0.003160
2 0.219566 0.668188 0.001632 0.002809
2 0.371152 0.667310 0.001632 0.002458
2 0.184468 0.664150 0.004198 0.004565
2 0.178988 0.662746 0.002099 0.003862
2 0.212687 0.661692 0.001866 0.003160
2 0.352262 0.660815 0.003498 0.004916
2 0.188083 0.660288 0.002565 0.003862
2 0.177938 0.657654 0.001866 0.003511
2 0.381880 0.659761 0.009095 0.009129
2 0.355294 0.656074 0.001632 0.002458
2 0.347598 0.656250 0.001632 0.003511
2 0.180854 0.656426 0.002099 0.003862
2 0.342584 0.655899 0.003731 0.003511
2 0.187150 0.654319 0.001632 0.002458
2 0.190648 0.653968 0.001632 0.002458
2 0.357509 0.652212 0.002332 0.005969
2 0.732276 0.648701 0.006063 0.003862
2 0.386660 0.648525 0.003265 0.003511
2 0.206273 0.650105 0.006297 0.007374
2 0.350630 0.647647 0.003965 0.005267
2 0.366255 0.647296 0.002099 0.005969
2 0.724813 0.645014 0.003731 0.005618
2 0.261777 0.631847 0.003965 0.006671
2 0.347015 0.628511 0.002332 0.002809
2 0.340602 0.627282 0.002565 0.006671
2 0.327659 0.625878 0.002799 0.004565
2 0.376866 0.623596 0.015392 0.023174
2 0.197411 0.613413 0.002099 0.004213
2 0.395289 0.607971 0.006530 0.012992
2 0.284515 0.598666 0.001399 0.002107
2 0.323344 0.587781 0.001632 0.002809
2 0.296409 0.587430 0.001399 0.003511
2 0.276702 0.587079 0.002099 0.004916
2 0.336521 0.591994 0.018657 0.016152
2 0.270406 0.585499 0.003498 0.003160
2 0.289179 0.581987 0.001866 0.002458
2 0.374067 0.593750 0.014925 0.033006
2 0.285564 0.585147 0.009562 0.018610
2 0.348414 0.577423 0.005131 0.008076
2 0.231110 0.575316 0.002799 0.004565
2 0.333955 0.581110 0.016325 0.017556
2 0.343750 0.572507 0.002799 0.003862
2 0.331740 0.568645 0.002099 0.003160
2 0.358442 0.583743 0.017724 0.035463
2 0.296875 0.567591 0.003265 0.003160
2 0.372785 0.572156 0.005830 0.012992
2 0.334771 0.567416 0.003032 0.007725
2 0.331973 0.563378 0.002099 0.003862
2 0.264226 0.559691 0.001866 0.002809
2 0.335354 0.559691 0.002799 0.003511
2 0.293960 0.558813 0.002099 0.004565
2 0.342001 0.559164 0.004897 0.005969
2 0.297808 0.558989 0.004198 0.006320
2 0.281950 0.556882 0.003731 0.004916
2 0.264576 0.554775 0.002099 0.003511
2 0.289762 0.552493 0.002565 0.001756
2 0.260261 0.551791 0.002332 0.004565
2 0.304221 0.550737 0.002099 0.003862
2 0.329641 0.549860 0.002099 0.003511
2 0.325676 0.550562 0.004431 0.007022
2 0.321129 0.548455 0.001399 0.003511
2 0.460821 0.543013 0.006996 0.004565
2 0.468750 0.545997 0.007463 0.011236
2 0.325326 0.543539 0.006996 0.009129
2 0.475630 0.537746 0.001632 0.003160
2 0.452542 0.538272 0.004897 0.004213
2 0.279967 0.547577 0.022621 0.027037
2 0.268190 0.535639 0.002799 0.004565
2 0.478545 0.534410 0.002799 0.003511
2 0.318447 0.534761 0.002099 0.004213
2 0.326026 0.535639 0.003265 0.006671
2 0.314715 0.532830 0.002565 0.003862
2 0.468633 0.529494 0.002565 0.003511
2 0.476096 0.525983 0.003032 0.004213
2 0.364855 0.494031 0.002565 0.004213
2 0.374534 0.488588 0.002332 0.003862
2 0.379081 0.484199 0.003032 0.004916
2 0.254664 0.484726 0.004664 0.005969
2 0.382696 0.476299 0.009328 0.015098
2 0.394123 0.450843 0.004198 0.003511
2 0.343633 0.450140 0.002565 0.004213
2 0.372318 0.449789 0.003032 0.005618
2 0.399837 0.446980 0.001632 0.003511
2 0.290695 0.445049 0.003965 0.003862
2 0.393890 0.444874 0.003265 0.006320
2 0.396222 0.440133 0.002332 0.003862
2 0.415462 0.443645 0.007696 0.011587
2 0.267374 0.442240 0.007229 0.010183
2 0.379081 0.436447 0.002099 0.003511
2 0.455224 0.440133 0.004198 0.011587
2 0.291161 0.434867 0.002565 0.004565
2 0.362873 0.433638 0.001866 0.002809
2 0.342234 0.432935 0.003032 0.003511
2 0.325676 0.434515 0.004897 0.012289
2 0.297924 0.431004 0.004431 0.005969
2 0.422808 0.428020 0.002799 0.003511
2 0.377799 0.425737 0.001866 0.003160
2 0.289062 0.425211 0.002565 0.002107
2 0.396339 0.425562 0.003032 0.004916
2 0.204408 0.425211 0.005364 0.004213
2 0.343400 0.423806 0.003032 0.003511
2 0.339202 0.423982 0.003032 0.003862
2 0.409981 0.429600 0.012127 0.016503
2 0.358209 0.441538 0.024254 0.042486
2 0.420476 0.421524 0.002332 0.003160
2 0.415462 0.422928 0.004431 0.007374
2 0.364389 0.419066 0.001632 0.001756
2 0.295592 0.419768 0.002565 0.003862
2 0.429338 0.425562 0.006530 0.017556
2 0.454524 0.417486 0.002332 0.003511
2 0.450910 0.420119 0.003498 0.009480
2 0.348181 0.417135 0.003265 0.003511
2 0.355993 0.416608 0.003498 0.004565
2 0.405084 0.415906 0.003731 0.005267
2 0.304454 0.417310 0.006297 0.010885
2 0.384562 0.413799 0.002332 0.004565
2 0.449160 0.412219 0.002332 0.002107
2 0.342351 0.415204 0.005131 0.008076
2 0.368703 0.413975 0.002799 0.006320
2 0.359258 0.412044 0.002565 0.003862
2 0.406133 0.410990 0.002099 0.003160
2 0.376749 0.415379 0.007696 0.011938
2 0.343983 0.407830 0.006063 0.005969
2 0.303638 0.406601 0.002332 0.004213
2 0.399370 0.409586 0.007696 0.015098
2 0.262243 0.404319 0.002565 0.004565
2 0.410564 0.403617 0.003965 0.004565
2 0.367771 0.405021 0.003731 0.008076
2 0.390742 0.402914 0.002565 0.005969
2 0.429338 0.401685 0.002332 0.004213
2 0.362640 0.402037 0.006063 0.011938
2 0.192514 0.401861 0.005830 0.011587
2 0.323344 0.410990 0.018890 0.031250
2 0.427938 0.406074 0.019590 0.024228
2 0.407183 0.395014 0.002332 0.003511
2 0.398321 0.394136 0.001866 0.002458
2 0.298974 0.394487 0.002332 0.003160
2 0.367537 0.394487 0.002799 0.003862
2 0.386660 0.393610 0.001866 0.002809
2 0.382229 0.393785 0.004198 0.003862
2 0.257463 0.393961 0.002799 0.004916
2 0.200793 0.391327 0.001866 0.002458
2 0.362407 0.391854 0.005131 0.007725
2 0.312034 0.389572 0.005131 0.003862
2 0.305037 0.393610 0.006530 0.013343
2 0.332906 0.386938 0.001632 0.002107
2 0.373601 0.397296 0.008862 0.024228
2 0.367071 0.387992 0.004664 0.006320
2 0.256180 0.386587 0.002565 0.003511
2 0.376866 0.385885 0.002799 0.004213
2 0.324394 0.383427 0.002332 0.002809
2 0.212570 0.380794 0.003032 0.004565
2 0.296059 0.382022 0.003032 0.007725
2 0.441115 0.379565 0.002565 0.004213
2 0.216301 0.378862 0.002565 0.004916
2 0.257812 0.380618 0.005830 0.009129
2 0.317397 0.377458 0.002332 0.004213
2 0.309935 0.378687 0.004664 0.010885
2 0.282649 0.376053 0.004198 0.008427
2 0.358559 0.372718 0.002099 0.003160
2 0.295126 0.369382 0.003498 0.004213
2 0.300140 0.369558 0.005131 0.006671
2 0.326726 0.373244 0.009328 0.015449
2 0.309701 0.366573 0.002332 0.003511
2 0.316348 0.365871 0.002565 0.004213
2 0.349464 0.368329 0.006297 0.011938
2 0.354944 0.365344 0.002799 0.010885
2 0.451026 0.364642 0.008862 0.012992
2 0.310285 0.358322 0.004431 0.003862
2 0.332673 0.359551 0.003498 0.011236
2 0.310984 0.351650 0.001632 0.001756
2 0.280550 0.351826 0.001399 0.002809
2 0.433535 0.351299 0.001866 0.003160
2 0.306786 0.351124 0.002099 0.003511
2 0.266791 0.351475 0.002799 0.004916
2 0.291978 0.354810 0.004664 0.012289
2 0.448111 0.350070 0.003032 0.004916
2 0.239272 0.350421 0.002332 0.005618
2 0.333372 0.347788 0.002099 0.003862
2 0.220849 0.350246 0.004198 0.009480
2 0.297341 0.346559 0.001399 0.003511
2 0.214669 0.352177 0.005830 0.014747
2 0.314599 0.345154 0.001399 0.001404
2 0.444496 0.344101 0.003265 0.004213
2 0.328475 0.347261 0.004897 0.012640
2 0.293144 0.343574 0.003731 0.005267
2 0.407999 0.342521 0.003032 0.004565
2 0.319380 0.343223 0.002565 0.005969
2 0.282066 0.343574 0.003965 0.007374
2 0.279268 0.353581 0.019356 0.033708
2 0.300140 0.337254 0.002332 0.003862
2 0.306203 0.335323 0.001866 0.003511
2 0.321129 0.336025 0.002799 0.007022
2 0.364039 0.333567 0.003731 0.003511
2 0.295359 0.334621 0.005364 0.007725
2 0.258279 0.334972 0.006763 0.011236
2 0.306786 0.330583 0.002099 0.003160
2 0.448811 0.331987 0.003498 0.006671
2 0.316231 0.330232 0.002332 0.003160
2 0.341768 0.329354 0.002565 0.003511
2 0.253615 0.329529 0.002565 0.005267
2 0.332906 0.328301 0.002099 0.003511
2 0.357509 0.327423 0.001866 0.003160
2 0.327775 0.327423 0.002099 0.003160
2 0.302589 0.327598 0.006763 0.008427
2 0.268540 0.322683 0.001166 0.001404
2 0.352146 0.323034 0.002332 0.003511
2 0.355177 0.321454 0.001399 0.002458
2 0.307136 0.321980 0.001866 0.004213
2 0.361707 0.321278 0.003265 0.004213
2 0.343983 0.318996 0.002799 0.004565
2 0.317048 0.318294 0.004431 0.006671
2 0.463736 0.317065 0.005830 0.008427
2 0.302822 0.316538 0.004431 0.009480
2 0.282766 0.313553 0.002565 0.003511
2 0.312383 0.316362 0.003965 0.009831
2 0.440415 0.311271 0.002565 0.003862
2 0.326842 0.318645 0.012360 0.018610
2 0.308186 0.310393 0.002099 0.004213
2 0.477379 0.310218 0.002799 0.004565
2 0.288479 0.319171 0.020989 0.023876
2 0.444030 0.307760 0.002332 0.003862
2 0.304804 0.305126 0.002799 0.004213
2 0.329408 0.304600 0.002565 0.004565
2 0.299790 0.303722 0.002099 0.004916
2 0.290812 0.296524 0.003265 0.004565
2 0.296292 0.295997 0.002099 0.004213
2 0.321945 0.294944 0.005830 0.010534
2 0.336870 0.290555 0.002565 0.005267
2 0.312617 0.301966 0.013759 0.030197
2 0.361940 0.288799 0.005131 0.006671
2 0.434701 0.288097 0.004198 0.006671
2 0.356110 0.284235 0.003731 0.005969
2 0.313316 0.282303 0.002099 0.003511
2 0.368703 0.281250 0.003265 0.004916
2 0.457439 0.281777 0.008629 0.010885
2 0.323927 0.277563 0.003731 0.003862
2 0.377799 0.273701 0.004198 0.003862
2 0.454174 0.273876 0.002565 0.006320
2 0.445662 0.276861 0.013060 0.020716
2 0.295126 0.280899 0.021222 0.035112
2 0.304571 0.264923 0.002799 0.003862
2 0.436684 0.264747 0.005364 0.005618
2 0.377682 0.264396 0.002099 0.004916
2 0.362990 0.265976 0.003032 0.008076
2 0.332673 0.261938 0.002099 0.003511
2 0.370686 0.261587 0.003498 0.005618
2 0.395406 0.259831 0.002565 0.004916
2 0.340368 0.259129 0.002099 0.004916
2 0.290345 0.260183 0.006996 0.007022
2 0.384212 0.252809 0.003965 0.005618
2 0.418260 0.251756 0.002099 0.004213
2 0.375233 0.253160 0.004664 0.007022
2 0.371502 0.251053 0.003265 0.002809
2 0.314366 0.251756 0.002799 0.004213
2 0.390975 0.252107 0.006763 0.006320
2 0.430737 0.255794 0.015392 0.016503
2 0.300723 0.249649 0.003965 0.007725
2 0.400536 0.248947 0.004897 0.007022
2 0.324044 0.249473 0.007229 0.008076
2 0.306203 0.248420 0.003731 0.005969
2 0.424324 0.247542 0.004897 0.007022
2 0.409748 0.246138 0.001866 0.004916
2 0.392840 0.245611 0.002099 0.003862
2 0.407766 0.241222 0.002099 0.002809
2 0.283815 0.244382 0.007463 0.014045
2 0.401119 0.238588 0.003265 0.005267
2 0.366255 0.239993 0.007696 0.010885
2 0.318913 0.233146 0.004897 0.007725
2 0.380131 0.238588 0.014925 0.020716
2 0.427122 0.228406 0.003965 0.005969
2 0.419776 0.229108 0.006063 0.008076
2 0.306903 0.233848 0.006530 0.018961
2 0.341418 0.227177 0.004198 0.008427
2 0.399021 0.221383 0.003265 0.005969
2 0.300606 0.230337 0.009795 0.023876
2 0.290578 0.231917 0.010261 0.027037
2 0.433302 0.220506 0.005131 0.009831
2 0.443797 0.208567 0.003731 0.007022
2 0.387010 0.208743 0.006297 0.008778
2 0.331973 0.207163 0.003032 0.005618
2 0.309818 0.217872 0.012360 0.027037
2 0.364389 0.213308 0.037547 0.036166
2 0.413479 0.196278 0.006996 0.011938
2 0.337220 0.196629 0.006530 0.016854
2 0.428755 0.191011 0.004897 0.007022
2 0.418960 0.184340 0.004897 0.012640
2 0.395989 0.178020 0.004198 0.015449
2 0.370103 0.178897 0.006063 0.022823
2 0.492421 0.092521 0.003965 0.007374
2 0.476796 0.090239 0.005364 0.008427
2 0.457439 0.084621 0.004897 0.008427
2 0.490905 0.078652 0.005131 0.009831
2 0.475396 0.077423 0.004897 0.008076
2 0.442048 0.073912 0.009095 0.013694
2 0.464902 0.070576 0.004431 0.009129
2 0.487640 0.066187 0.005597 0.010183
2 0.453242 0.066538 0.009562 0.015801
2 0.441698 0.044417 0.004198 0.008778
2 0.521805 0.040555 0.004897 0.011587
2 0.442980 0.011763 0.010494 0.012992