0 0.267491 0.948560 0.006063 0.006671
0 0.342584 0.942591 0.004664 0.008076
0 0.710471 0.881496 0.003965 0.005969
0 0.355993 0.855162 0.005830 0.010183
0 0.204874 0.840941 0.005830 0.009831
0 0.299324 0.833919 0.004897 0.008427
0 0.182253 0.815485 0.003032 0.005267
0 0.372901 0.772999 0.003265 0.004565
0 0.265042 0.770365 0.003965 0.006320
0 0.257113 0.767205 0.003498 0.006320
0 0.379664 0.768083 0.006530 0.009480
0 0.443330 0.751404 0.005597 0.008427
0 0.600863 0.744206 0.003965 0.005969
0 0.364972 0.712956 0.006063 0.009480
0 0.295009 0.677493 0.003731 0.005267
0 0.435984 0.672402 0.005830 0.009129
0 0.270872 0.670822 0.004897 0.007374
0 0.219333 0.668364 0.006297 0.010183
0 0.293843 0.660639 0.005131 0.004565
0 0.291161 0.646067 0.004431 0.007725
0 0.269823 0.642205 0.002799 0.004213
0 0.229128 0.618680 0.007696 0.011236
0 0.195779 0.594979 0.002565 0.003862
0 0.294310 0.562500 0.005131 0.007725
0 0.109142 0.560393 0.003265 0.005618
0 0.216068 0.511938 0.003965 0.004916
0 0.159865 0.464537 0.004431 0.005618
0 0.363340 0.461201 0.002799 0.004565
0 0.435285 0.462079 0.004431 0.007725
0 0.415695 0.440133 0.003498 0.005969
0 0.269007 0.420997 0.003498 0.005618
0 0.277402 0.398876 0.004897 0.007022
0 0.335121 0.377633 0.004198 0.005969
0 0.229944 0.370260 0.002799 0.005267
0 0.335121 0.353406 0.004198 0.005969
0 0.481810 0.189080 0.002799 0.005267
0 0.491371 0.186447 0.002799 0.004213
0 0.491488 0.178371 0.005364 0.007022
0 0.753032 0.145716 0.004198 0.005618
0 0.739739 0.138518 0.004198 0.007374
0 0.750816 0.134480 0.003032 0.005618
0 0.527635 0.133076 0.003032 0.005618
0 0.545592 0.130091 0.003498 0.005969
0 0.434701 0.127633 0.002799 0.004565
0 0.554921 0.126931 0.004431 0.006671
0 0.296758 0.076721 0.005830 0.009480
1 0.676189 0.945751 0.021222 0.027037
1 0.206157 0.935920 0.035448 0.038272
1 0.263993 0.863062 0.014925 0.020365
1 0.248018 0.866924 0.013293 0.033006
1 0.244520 0.828301 0.013759 0.027388
1 0.375933 0.803020 0.013526 0.017556
1 0.275303 0.759480 0.010028 0.016152
1 0.173974 0.511587 0.003265 0.011938
1 0.165229 0.494206 0.005830 0.011587
1 0.420359 0.459445 0.008629 0.008076
1 0.844100 0.462605 0.017957 0.024228
1 0.376283 0.449438 0.014692 0.018961
1 0.830340 0.447683 0.044543 0.058287
1 0.835354 0.398350 0.008396 0.011587
1 0.414412 0.105513 0.005131 0.009480
1 0.468633 0.102177 0.023554 0.020365
2 0.298041 0.976826 0.007929 0.007022
2 0.234725 0.900281 0.003498 0.005618
2 0.237057 0.723139 0.003032 0.005267
2 0.403218 0.719979 0.003265 0.008778
2 0.410098 0.709796 0.003032 0.004565
2 0.400770 0.682584 0.001166 0.002107
2 0.409981 0.683462 0.004198 0.007374
2 0.415345 0.644663 0.002332 0.003511
2 0.423741 0.635885 0.002799 0.003511
2 0.404384 0.635709 0.002799 0.003862
2 0.408465 0.570927 0.002099 0.002809
2 0.409165 0.561798 0.004897 0.007725
2 0.416045 0.555478 0.002799 0.003511
2 0.182253 0.517732 0.007229 0.008076
2 0.191115 0.512992 0.002565 0.005618
2 0.148554 0.507549 0.006996 0.004565
2 0.154035 0.502809 0.001632 0.003511
2 0.187034 0.500176 0.002332 0.004565
2 0.258979 0.501053 0.006297 0.007725
2 0.190765 0.498244 0.003265 0.004213
2 0.182719 0.497367 0.003965 0.005969
2 0.152752 0.495611 0.002799 0.003160
2 0.163130 0.487184 0.003498 0.002458
2 0.251049 0.487184 0.006763 0.008778
2 0.188666 0.484902 0.008396 0.008427
2 0.388759 0.482795 0.002799 0.005618
2 0.157882 0.481039 0.001866 0.002809
2 0.145522 0.487184 0.008396 0.023525
2 0.242887 0.474895 0.005830 0.009480
2 0.154734 0.472788 0.004431 0.008076
2 0.547458 0.470154 0.004897 0.008427
2 0.398904 0.481039 0.010028 0.034410
2 0.449160 0.464010 0.008396 0.007374
2 0.393890 0.455934 0.010728 0.036868
2 0.453125 0.441011 0.004198 0.009129
2 0.461171 0.433287 0.003032 0.004213
2 0.453825 0.432409 0.001866 0.005267
2 0.423624 0.430653 0.002099 0.002458
2 0.394706 0.428020 0.001632 0.002809
2 0.209305 0.426791 0.002565 0.005267
2 0.436684 0.425211 0.003965 0.004916
2 0.456856 0.425386 0.006530 0.007374
2 0.206507 0.420295 0.002099 0.003511
2 0.444263 0.419944 0.008862 0.010534
2 0.410098 0.415555 0.005830 0.007374
2 0.453475 0.402212 0.002099 0.005969
2 0.429454 0.409410 0.014692 0.028792
2 0.166278 0.391678 0.004198 0.005267
2 0.404618 0.341292 0.001866 0.003511
2 0.405667 0.334621 0.002099 0.003511
2 0.241255 0.106917 0.004897 0.007374
2 0.262593 0.103406 0.004198 0.005267
2 0.246735 0.085674 0.006530 0.006320
3 0.456973 0.894663 0.056670 0.085674
3 0.221782 0.848841 0.029851 0.047402
3 0.440065 0.671875 0.014459 0.034059
3 0.450910 0.516327 0.017024 0.027739
3 0.177239 0.466643 0.014925 0.022472
3 0.188549 0.418890 0.027752 0.052669
3 0.557020 0.097788 0.010494 0.027037