0 0.423391 0.990871 0.004897 0.007725
0 0.428288 0.984902 0.003965 0.004916
0 0.567164 0.949614 0.004664 0.005969
0 0.526353 0.908181 0.003731 0.005267
0 0.193913 0.904670 0.003032 0.004565
0 0.654734 0.870962 0.005364 0.008778
0 0.753848 0.864993 0.004897 0.007374
0 0.751982 0.854986 0.004897 0.009831
0 0.506880 0.844452 0.003032 0.004916
0 0.213386 0.842170 0.003731 0.005267
0 0.255131 0.842170 0.004664 0.005969
0 0.199160 0.828301 0.000933 0.001404
0 0.408465 0.825140 0.003965 0.005618
0 0.413363 0.819874 0.002565 0.003511
0 0.360308 0.819874 0.002332 0.004213
0 0.716418 0.818294 0.004198 0.006671
0 0.229361 0.798806 0.005830 0.007725
0 0.417094 0.784937 0.006297 0.009480
0 0.453825 0.777739 0.003731 0.005618
0 0.333372 0.770190 0.003965 0.005267
0 0.140625 0.736482 0.003265 0.005969
0 0.370686 0.729459 0.003498 0.005267
0 0.331507 0.725246 0.003498 0.005267
0 0.280434 0.711376 0.004431 0.005618
0 0.150303 0.695576 0.002565 0.004213
0 0.320896 0.693469 0.003265 0.005618
0 0.302006 0.687149 0.002332 0.003511
0 0.196479 0.680653 0.002565 0.003862
0 0.200676 0.669066 0.002565 0.004565
0 0.124417 0.662219 0.002565 0.004213
0 0.231810 0.657654 0.002332 0.003511
0 0.278918 0.655899 0.002799 0.004213
0 0.254198 0.648174 0.002332 0.003511
0 0.274254 0.641327 0.003265 0.003862
0 0.276236 0.632549 0.005364 0.004565
0 0.157649 0.628511 0.002332 0.004213
0 0.134095 0.607093 0.003731 0.006320
0 0.239389 0.597086 0.003032 0.004565
0 0.224930 0.596559 0.002565 0.004213
0 0.148904 0.590063 0.002565 0.003862
0 0.250000 0.531777 0.003265 0.005267
0 0.586287 0.528090 0.002799 0.004213
0 0.409165 0.506320 0.003032 0.004916
0 0.400303 0.497718 0.002565 0.004565
0 0.293144 0.446980 0.003265 0.005618
0 0.530434 0.444698 0.003965 0.005969
0 0.285798 0.441889 0.003032 0.004565
0 0.280317 0.435744 0.002332 0.004213
0 0.720149 0.431882 0.001866 0.002809
0 0.281250 0.419242 0.001866 0.002809
0 0.525536 0.416257 0.001632 0.002458
0 0.264109 0.410990 0.004431 0.005267
0 0.525187 0.408181 0.002332 0.003160
0 0.320312 0.405548 0.003498 0.004916
0 0.730410 0.332338 0.004198 0.005969
0 0.451959 0.328652 0.002332 0.003511
0 0.732626 0.325843 0.004431 0.006320
0 0.446129 0.317591 0.004198 0.005267
0 0.432020 0.316011 0.002099 0.003511
0 0.450793 0.309867 0.002799 0.004565
0 0.437383 0.280372 0.004897 0.007374
0 0.139342 0.278968 0.004431 0.008076
0 0.160098 0.259480 0.005830 0.009129
0 0.427589 0.256145 0.003498 0.005969
0 0.177472 0.251580 0.003731 0.005267
0 0.416628 0.233146 0.005830 0.008427
0 0.203008 0.215765 0.004431 0.005969
0 0.322645 0.170471 0.002565 0.004565
0 0.267024 0.157303 0.003731 0.004916
0 0.585704 0.133603 0.005364 0.008778
0 0.322411 0.110955 0.002565 0.003511
0 0.721665 0.100597 0.003498 0.005267
0 0.536964 0.082163 0.004431 0.007022
0 0.425023 0.078476 0.002099 0.003160
0 0.636194 0.074614 0.003265 0.004565
0 0.575793 0.073912 0.003731 0.005969
0 0.535914 0.071629 0.002799 0.004213
0 0.338736 0.051615 0.002565 0.003511
0 0.326376 0.047402 0.003032 0.004213
0 0.518074 0.035463 0.002565 0.003511
0 0.569496 0.020716 0.006996 0.009129
0 0.486940 0.010709 0.004198 0.006671
1 0.407066 0.954178 0.045476 0.031250
1 0.597132 0.962605 0.117771 0.068469
1 0.423391 0.888167 0.009562 0.015098
1 0.529151 0.866749 0.005597 0.017907
1 0.520406 0.867451 0.007696 0.021419
1 0.182952 0.842170 0.007229 0.006671
1 0.324743 0.831987 0.015159 0.013694
1 0.734608 0.834972 0.016325 0.098315
1 0.438316 0.751580 0.006763 0.003862
1 0.228428 0.751404 0.012360 0.018258
1 0.348997 0.732093 0.008629 0.009129
1 0.226213 0.711903 0.009795 0.027037
1 0.250117 0.727879 0.036147 0.070225
1 0.234725 0.687500 0.007229 0.020365
1 0.244520 0.681706 0.010028 0.010183
1 0.207206 0.666959 0.011894 0.014396
1 0.237873 0.644838 0.006530 0.009480
1 0.210588 0.636763 0.018190 0.016503
1 0.318797 0.627985 0.040112 0.028441
1 0.215019 0.615695 0.006530 0.008778
1 0.202775 0.560920 0.006763 0.008778
1 0.325326 0.506145 0.009795 0.013694
1 0.226796 0.441889 0.012826 0.020716
1 0.221665 0.426440 0.006297 0.009480
1 0.413829 0.402914 0.011427 0.021419
1 0.341068 0.331987 0.042211 0.036868
1 0.311334 0.312324 0.017257 0.028441
1 0.370569 0.294593 0.030784 0.050562
1 0.216418 0.272296 0.005131 0.015801
1 0.205574 0.227177 0.010961 0.009129
1 0.387943 0.231039 0.023088 0.048455
1 0.327542 0.224192 0.045942 0.062851
1 0.242537 0.204881 0.020522 0.025632
1 0.208022 0.194698 0.019590 0.020716
1 0.322062 0.186096 0.010728 0.017556
1 0.788596 0.187676 0.024487 0.027739
1 0.385611 0.167662 0.023088 0.008778
1 0.705807 0.139045 0.003965 0.017556
1 0.208722 0.115695 0.009795 0.009480
1 0.350979 0.110253 0.018190 0.013343
1 0.305737 0.100597 0.015858 0.011587
1 0.717584 0.082514 0.009795 0.016152
1 0.499300 0.071980 0.011194 0.009831
1 0.626283 0.030548 0.010028 0.016152
2 0.341301 0.990344 0.002565 0.003862
2 0.328825 0.988940 0.003731 0.005969
2 0.340135 0.966292 0.003965 0.004916
2 0.313433 0.958743 0.004198 0.005969
2 0.372785 0.934867 0.002099 0.004565
2 0.393307 0.922226 0.002565 0.004565
2 0.398787 0.921524 0.005131 0.010183
2 0.345965 0.914501 0.004431 0.008778
2 0.308769 0.902739 0.002799 0.003511
2 0.218983 0.892205 0.006063 0.004916
2 0.226562 0.890625 0.002099 0.004565
2 0.277868 0.886412 0.002099 0.004565
2 0.241488 0.882900 0.001166 0.001756
2 0.262010 0.883603 0.002565 0.003862
2 0.229711 0.882900 0.001866 0.005267
2 0.339552 0.891152 0.019590 0.025281
2 0.232626 0.879389 0.002565 0.003862
2 0.252099 0.882549 0.011660 0.011587
2 0.240905 0.875176 0.004198 0.008076
2 0.277285 0.872542 0.001866 0.003511
2 0.274487 0.870611 0.002799 0.003862
2 0.332439 0.869031 0.004897 0.008427
2 0.365322 0.866573 0.004897 0.007725
2 0.328358 0.861306 0.001866 0.004213
2 0.373834 0.859551 0.002332 0.006320
2 0.366604 0.857971 0.002332 0.003160
2 0.390858 0.861657 0.010261 0.015449
2 0.433302 0.854986 0.002332 0.004213
2 0.377565 0.854986 0.002799 0.005618
2 0.434935 0.849368 0.002332 0.004213
2 0.430970 0.847261 0.002332 0.002107
2 0.374650 0.844979 0.002565 0.003862
2 0.267607 0.842697 0.003032 0.004916
2 0.485424 0.838483 0.001632 0.002809
2 0.430854 0.840941 0.003498 0.007725
2 0.371502 0.840765 0.003265 0.007374
2 0.357160 0.866573 0.037547 0.061096
2 0.188316 0.832338 0.003498 0.003862
2 0.365672 0.831461 0.004198 0.006320
2 0.207206 0.829705 0.003498 0.004916
2 0.472715 0.828125 0.002799 0.003862
2 0.194146 0.830056 0.004431 0.009129
2 0.475513 0.825492 0.001866 0.002809
2 0.365555 0.824965 0.003498 0.003862
2 0.306670 0.861657 0.050373 0.077247
2 0.199860 0.824965 0.001866 0.003862
2 0.472132 0.824438 0.001632 0.003511
2 0.185285 0.823385 0.003032 0.005618
2 0.179688 0.824965 0.007229 0.010183
2 0.491021 0.819698 0.001632 0.003862
2 0.229478 0.827949 0.019590 0.023876
2 0.479361 0.810569 0.001632 0.002458
2 0.181670 0.812851 0.006063 0.010534
2 0.475280 0.809164 0.003265 0.004565
2 0.215252 0.822331 0.008862 0.032303
2 0.497435 0.805302 0.002799 0.003862
2 0.782999 0.804073 0.003032 0.004916
2 0.477495 0.803897 0.002565 0.004565
2 0.205807 0.809867 0.012826 0.017907
2 0.463853 0.812149 0.016325 0.034410
2 0.190882 0.807409 0.013759 0.027037
2 0.493703 0.791257 0.002332 0.003862
2 0.262826 0.792837 0.009328 0.009129
2 0.470266 0.788799 0.001632 0.001756
2 0.386894 0.787746 0.002799 0.005267
2 0.479244 0.783181 0.001866 0.003862
2 0.206507 0.780197 0.012360 0.010534
2 0.390858 0.778792 0.005131 0.013343
2 0.192514 0.750878 0.008629 0.015801
2 0.216301 0.745787 0.004897 0.009129
2 0.184002 0.734375 0.002332 0.004565
2 0.300840 0.728933 0.002799 0.004213
2 0.213386 0.726475 0.003731 0.004213
2 0.394706 0.742100 0.010028 0.046699
2 0.188316 0.721910 0.003498 0.007022
2 0.407533 0.718926 0.003498 0.005969
2 0.400070 0.717521 0.002099 0.004565
2 0.186684 0.715414 0.002099 0.003160
2 0.319963 0.715414 0.002332 0.004565
2 0.179571 0.709270 0.002332 0.002809
2 0.402052 0.709972 0.003731 0.004916
2 0.317514 0.706812 0.001632 0.002809
2 0.173274 0.704354 0.002332 0.003511
2 0.192164 0.701369 0.002332 0.003160
2 0.205107 0.699438 0.003498 0.007725
2 0.183302 0.699263 0.004664 0.007374
2 0.399720 0.701369 0.005131 0.012289
2 0.195546 0.693469 0.002565 0.004213
2 0.391908 0.691362 0.003965 0.002107
2 0.188783 0.690485 0.001166 0.001756
2 0.268540 0.689256 0.003965 0.003511
2 0.191348 0.686798 0.002099 0.004213
2 0.185518 0.685042 0.003032 0.005618
2 0.402402 0.685744 0.005364 0.010534
2 0.423857 0.682058 0.001632 0.004565
2 0.190182 0.681531 0.002099 0.003511
2 0.406600 0.680126 0.003032 0.003511
2 0.401469 0.677493 0.001166 0.001756
2 0.187383 0.678722 0.002565 0.004916
2 0.403801 0.674860 0.001632 0.001404
2 0.402169 0.673455 0.001166 0.001404
2 0.436917 0.672402 0.001166 0.002107
2 0.186684 0.669066 0.001632 0.002458
2 0.397155 0.670471 0.004198 0.009480
2 0.407882 0.669768 0.005597 0.010885
2 0.392024 0.665379 0.002332 0.003511
2 0.388876 0.665028 0.003032 0.004213
2 0.387010 0.672226 0.013293 0.020716
2 0.429454 0.667837 0.010028 0.019663
2 0.416744 0.663097 0.006996 0.010183
2 0.387243 0.657479 0.004431 0.005969
2 0.395406 0.659059 0.005830 0.009831
2 0.414179 0.655723 0.001866 0.003862
2 0.366255 0.653792 0.002565 0.004213
2 0.414529 0.645190 0.002099 0.003160
2 0.404384 0.652563 0.011194 0.017907
2 0.434352 0.644838 0.001166 0.003862
2 0.348647 0.647121 0.004198 0.008427
2 0.429338 0.644136 0.002799 0.004565
2 0.425023 0.642029 0.002099 0.003160
2 0.420709 0.651510 0.009795 0.023525
2 0.404851 0.639221 0.001866 0.002458
2 0.340019 0.635534 0.001866 0.002809
2 0.409515 0.633251 0.000933 0.001756
2 0.401819 0.634656 0.005131 0.005969
2 0.332789 0.631847 0.001866 0.002458
2 0.409981 0.630091 0.001399 0.001756
2 0.419776 0.629740 0.001399 0.001756
2 0.391441 0.639747 0.012360 0.023876
2 0.428755 0.630091 0.004897 0.008778
2 0.410098 0.627282 0.001166 0.003160
2 0.422691 0.623947 0.001166 0.002107
2 0.489972 0.622542 0.002799 0.003511
2 0.409398 0.617275 0.002565 0.004213
2 0.421875 0.618329 0.011194 0.008427
2 0.370336 0.630442 0.045243 0.059340
2 0.372201 0.599895 0.001866 0.003160
2 0.364972 0.597086 0.002799 0.003862
2 0.409865 0.591994 0.001632 0.002107
2 0.386894 0.593399 0.003731 0.006320
2 0.391441 0.589185 0.002565 0.003511
2 0.406833 0.574614 0.002099 0.003160
2 0.355760 0.567767 0.002099 0.002809
2 0.363923 0.569874 0.007229 0.009129
2 0.411730 0.567065 0.002565 0.004213
2 0.377449 0.567416 0.003965 0.006320
2 0.170942 0.560744 0.002799 0.002809
2 0.173391 0.557233 0.001632 0.003511
2 0.366371 0.554775 0.002332 0.003511
2 0.179804 0.553722 0.003265 0.003511
2 0.187383 0.549508 0.010494 0.010534
2 0.179688 0.545471 0.002099 0.003862
2 0.375933 0.546348 0.004198 0.006320
2 0.179688 0.528090 0.024021 0.025983
2 0.612990 0.473315 0.003498 0.007725
2 0.422575 0.477353 0.007463 0.016503
2 0.304104 0.472612 0.004664 0.008427
2 0.277635 0.468926 0.003965 0.004565
2 0.309235 0.468926 0.003731 0.005969
2 0.613689 0.465414 0.003498 0.006671
2 0.277052 0.462430 0.002799 0.004213
2 0.269007 0.457514 0.002099 0.002809
2 0.317631 0.454003 0.001866 0.004916
2 0.240788 0.454529 0.006763 0.008778
2 0.423741 0.458743 0.009795 0.020716
2 0.313666 0.451018 0.003731 0.005969
2 0.254664 0.458392 0.019123 0.024930
2 0.461171 0.446629 0.003032 0.004213
2 0.432603 0.450843 0.004198 0.012640
2 0.339202 0.446103 0.001632 0.003160
2 0.211754 0.445049 0.002332 0.003862
2 0.248834 0.443645 0.002332 0.003160
2 0.463386 0.442942 0.002799 0.003160
2 0.239039 0.443820 0.002799 0.004916
2 0.428055 0.441889 0.002565 0.002458
2 0.314249 0.443645 0.003965 0.007374
2 0.421875 0.446980 0.007929 0.016854
2 0.251399 0.439958 0.002332 0.002809
2 0.466068 0.440485 0.003032 0.004565
2 0.245686 0.439782 0.003965 0.003862
2 0.341535 0.437676 0.001632 0.002458
2 0.314599 0.436271 0.003265 0.006671
2 0.291744 0.434867 0.004198 0.003862
2 0.215368 0.434164 0.002565 0.003160
2 0.376516 0.432584 0.001632 0.002809
2 0.605410 0.434691 0.004198 0.009129
2 0.243004 0.432409 0.006063 0.005969
2 0.284515 0.430653 0.004198 0.004565
2 0.291861 0.429951 0.003498 0.003862
2 0.441465 0.436622 0.009328 0.020014
2 0.237757 0.427142 0.003965 0.006671
2 0.214902 0.427317 0.003965 0.007022
2 0.458489 0.424684 0.002332 0.003862
2 0.619753 0.428546 0.008629 0.012992
2 0.139459 0.421524 0.000933 0.001756
2 0.310401 0.420997 0.002799 0.004916
2 0.484025 0.422051 0.005364 0.011938
2 0.293727 0.418715 0.002565 0.005267
2 0.450210 0.419944 0.003032 0.008427
2 0.240555 0.417135 0.002099 0.002809
2 0.458955 0.417486 0.003731 0.004916
2 0.338969 0.416959 0.002565 0.003862
2 0.286730 0.418715 0.006763 0.008778
2 0.505014 0.424684 0.008162 0.022121
2 0.353195 0.436622 0.012826 0.047402
2 0.344450 0.416959 0.004664 0.008076
2 0.244403 0.414853 0.002332 0.003862
2 0.613689 0.419417 0.008162 0.014396
2 0.214785 0.413448 0.002799 0.003160
2 0.206856 0.413448 0.003731 0.003862
2 0.789646 0.415379 0.006996 0.010534
2 0.339669 0.411517 0.002565 0.003511
2 0.288596 0.411517 0.005830 0.004916
2 0.239389 0.409937 0.001632 0.002458
2 0.421758 0.414326 0.009095 0.012640
2 0.250350 0.411341 0.004431 0.008076
2 0.374417 0.409410 0.002565 0.004916
2 0.449977 0.408181 0.002099 0.003862
2 0.327309 0.411692 0.004897 0.012289
2 0.295126 0.408006 0.003032 0.004916
2 0.430504 0.422402 0.010728 0.034410
2 0.777052 0.407654 0.003265 0.005618
2 0.512710 0.406250 0.002565 0.003511
2 0.483792 0.406601 0.002565 0.004213
2 0.279151 0.405548 0.001399 0.002809
2 0.518190 0.404319 0.001866 0.003862
2 0.494753 0.407479 0.006763 0.012289
2 0.249417 0.403090 0.002099 0.003511
2 0.326376 0.400808 0.002099 0.004565
2 0.603778 0.400281 0.004198 0.004916
2 0.217351 0.404319 0.008396 0.012992
2 0.235658 0.398350 0.002099 0.003160
2 0.249417 0.397823 0.003965 0.003511
2 0.431203 0.401861 0.015858 0.013694
2 0.401353 0.400983 0.006063 0.012640
2 0.211287 0.396945 0.003265 0.004565
2 0.407766 0.396243 0.003032 0.003862
2 0.219450 0.395014 0.003265 0.004213
2 0.496502 0.395716 0.006996 0.008427
2 0.255480 0.392029 0.001632 0.003862
2 0.298158 0.393961 0.009562 0.009831
2 0.257812 0.389747 0.001166 0.002107
2 0.287080 0.393961 0.013060 0.011236
2 0.503265 0.390098 0.002799 0.004916
2 0.476679 0.387992 0.001399 0.002107
2 0.468284 0.409410 0.012127 0.046348
2 0.482276 0.395716 0.009795 0.019663
2 0.244053 0.385709 0.001632 0.003160
2 0.450793 0.403265 0.018190 0.038975
2 0.219566 0.386587 0.002565 0.006320
2 0.264226 0.384129 0.001866 0.002107
2 0.223298 0.384831 0.001632 0.003511
2 0.502449 0.384831 0.002565 0.004213
2 0.319496 0.387992 0.009328 0.011236
2 0.515858 0.384656 0.004198 0.006671
2 0.484958 0.383427 0.004897 0.004916
2 0.457206 0.379389 0.001632 0.003160
2 0.262826 0.379389 0.002332 0.004565
2 0.475630 0.380091 0.005364 0.008076
2 0.466884 0.382549 0.010728 0.012992
2 0.409282 0.378862 0.003265 0.007022
2 0.402868 0.378862 0.003498 0.007725
2 0.280084 0.382374 0.013060 0.014747
2 0.509678 0.375878 0.002565 0.003160
2 0.460821 0.374649 0.001399 0.002809
2 0.436101 0.379038 0.006530 0.011587
2 0.397505 0.379389 0.005364 0.012289
2 0.269240 0.374824 0.003498 0.005969
2 0.484375 0.374649 0.004664 0.009129
2 0.499650 0.372893 0.002565 0.006320
2 0.515392 0.373069 0.005131 0.008076
2 0.466418 0.372367 0.003265 0.007374
2 0.442281 0.369909 0.001632 0.003160
2 0.470266 0.370787 0.004431 0.007022
2 0.486007 0.367802 0.001866 0.002458
2 0.457090 0.367978 0.003731 0.004213
2 0.383396 0.367802 0.004198 0.004565
2 0.477379 0.368855 0.005131 0.007374
2 0.230644 0.369558 0.003731 0.012289
2 0.482859 0.365344 0.005364 0.005267
2 0.253498 0.376229 0.016325 0.028441
2 0.510145 0.361482 0.002565 0.004565
2 0.439132 0.365344 0.005131 0.012289
2 0.460938 0.362886 0.006297 0.008076
2 0.445546 0.360604 0.002099 0.003511
2 0.474230 0.359726 0.003965 0.005969
2 0.425606 0.362008 0.008862 0.011236
2 0.438200 0.356566 0.002799 0.003862
2 0.482276 0.356917 0.011194 0.011587
2 0.476912 0.352001 0.002799 0.005267
2 0.423041 0.350070 0.003265 0.004916
2 0.482393 0.348490 0.003032 0.004565
2 0.358209 0.350597 0.006530 0.011587
2 0.349580 0.348315 0.005597 0.007022
2 0.495686 0.346735 0.005830 0.009480
2 0.419310 0.341819 0.001866 0.002458
2 0.431670 0.340765 0.002332 0.003160
2 0.380597 0.349192 0.010261 0.020014
2 0.365555 0.351299 0.024953 0.025632
2 0.501982 0.339010 0.009095 0.013694
2 0.384095 0.332690 0.002332 0.003160
2 0.483559 0.330758 0.002099 0.002809
2 0.489156 0.340941 0.009095 0.030899
2 0.515742 0.330583 0.009562 0.012289
2 0.501399 0.324789 0.004198 0.009129
2 0.511660 0.320576 0.001866 0.003511
2 0.520173 0.318294 0.002099 0.003160
2 0.386777 0.323034 0.007229 0.016152
2 0.487174 0.317767 0.005131 0.014747
2 0.518540 0.309691 0.005830 0.009831
2 0.397038 0.306004 0.002099 0.003160
2 0.394590 0.306355 0.002799 0.007374
2 0.402402 0.335499 0.034282 0.065660
2 0.505597 0.307760 0.003265 0.011587
2 0.212104 0.303897 0.002565 0.003862
2 0.401702 0.304775 0.004897 0.007725
2 0.484375 0.304600 0.009328 0.013694
2 0.480177 0.298806 0.002332 0.004213
2 0.408232 0.302669 0.005364 0.011938
2 0.505014 0.297402 0.002565 0.004213
2 0.433069 0.296524 0.002799 0.003862
2 0.417910 0.314782 0.016325 0.043188
2 0.484258 0.294242 0.002099 0.003511
2 0.396922 0.296524 0.005131 0.008778
2 0.495219 0.292662 0.001632 0.003160
2 0.513876 0.296699 0.011427 0.011938
2 0.492537 0.294417 0.001866 0.007374
2 0.488456 0.291257 0.001166 0.001756
2 0.503965 0.291959 0.002332 0.003862
2 0.498251 0.290906 0.002565 0.006671
2 0.481110 0.287921 0.001866 0.003511
2 0.310751 0.291257 0.006297 0.010183
2 0.100863 0.286517 0.002099 0.002809
2 0.447645 0.284937 0.001166 0.002458
2 0.475047 0.284059 0.000933 0.001404
2 0.484958 0.284761 0.003965 0.008427
2 0.303871 0.283357 0.006996 0.011938
2 0.289412 0.278441 0.002332 0.004213
2 0.494170 0.278968 0.004198 0.005969
2 0.308769 0.280197 0.002332 0.008427
2 0.423624 0.276685 0.003498 0.007022
2 0.311451 0.270892 0.002099 0.003160
2 0.262826 0.271419 0.002332 0.004213
2 0.481693 0.267732 0.001632 0.002458
2 0.406133 0.269136 0.010028 0.011587
2 0.486007 0.266152 0.002799 0.006320
2 0.472948 0.270365 0.009795 0.018258
2 0.462337 0.266678 0.006297 0.010885
2 0.439249 0.262816 0.001632 0.003160
2 0.425956 0.263343 0.002565 0.004213
2 0.435751 0.260183 0.002099 0.003511
2 0.411497 0.257374 0.002099 0.004213
2 0.461054 0.257198 0.002799 0.008076
2 0.446595 0.255969 0.003731 0.005618
2 0.487640 0.252985 0.002332 0.001756
2 0.416628 0.252107 0.002565 0.004213
2 0.431786 0.247367 0.003498 0.004565
2 0.427239 0.245260 0.001399 0.003160
2 0.454874 0.245435 0.013293 0.012640
2 0.439949 0.243855 0.011894 0.014396
2 0.437733 0.227177 0.003731 0.004916
2 0.463153 0.224368 0.002799 0.002809
2 0.458489 0.210499 0.002332 0.003862
2 0.420359 0.198034 0.001632 0.002809
2 0.470499 0.194347 0.001632 0.001756
2 0.478312 0.195576 0.001866 0.006320
2 0.316814 0.190133 0.002099 0.005267
2 0.255597 0.188202 0.002332 0.005618
2 0.470033 0.186798 0.002099 0.003511
2 0.477262 0.185920 0.003032 0.005969
2 0.442048 0.187500 0.004897 0.010534
2 0.252915 0.183813 0.002099 0.003160
2 0.248251 0.180653 0.003032 0.004565
2 0.253615 0.174684 0.001632 0.003862
2 0.248951 0.173455 0.002099 0.002809
2 0.457556 0.183111 0.012127 0.023525
2 0.231227 0.167486 0.002565 0.003511
2 0.269356 0.165555 0.002799 0.004565
2 0.242537 0.170295 0.007929 0.014045
2 0.447295 0.161868 0.002799 0.005618
2 0.284165 0.160112 0.003032 0.002809
2 0.774720 0.158532 0.003265 0.003160
2 0.276469 0.159937 0.003965 0.006671
2 0.280434 0.156250 0.001632 0.003511
2 0.293610 0.153090 0.001866 0.003511
2 0.239622 0.153265 0.014226 0.014396
2 0.255014 0.148525 0.007696 0.009831
2 0.256530 0.141678 0.001866 0.003160
2 0.413829 0.131847 0.005830 0.008778
2 0.327309 0.129565 0.003498 0.007725
2 0.430854 0.123069 0.003498 0.004565
2 0.693097 0.123069 0.003265 0.005267
2 0.307020 0.121840 0.001632 0.002809
2 0.559935 0.119382 0.002332 0.003511
2 0.548041 0.117275 0.003731 0.004916
2 0.573111 0.115695 0.002099 0.003862
2 0.693563 0.115344 0.002332 0.005267
2 0.536964 0.111833 0.002565 0.003862
2 0.557836 0.100597 0.005597 0.010885
2 0.621152 0.094452 0.006297 0.006320
2 0.616838 0.083743 0.005131 0.004565
2 0.259678 0.084796 0.004431 0.006671
2 0.381763 0.073560 0.005131 0.005969
2 0.411147 0.073209 0.003731 0.006671
2 0.399720 0.053897 0.002332 0.005267
2 0.621735 0.047928 0.002332 0.003862
2 0.663829 0.047226 0.003032 0.007374
2 0.388993 0.040555 0.001399 0.003160
2 0.384678 0.039326 0.004897 0.005618
2 0.396805 0.038448 0.009095 0.018610
2 0.381646 0.032128 0.004431 0.007374
2 0.372668 0.031074 0.005131 0.005969
2 0.377099 0.022121 0.004664 0.012640
2 0.402169 0.016152 0.004431 0.005618
2 0.413713 0.018083 0.006530 0.018610
2 0.409398 0.008778 0.003498 0.005618
3 0.355527 0.236306 0.048741 0.129213