0 0.239156 0.964185 0.002565 0.004213
0 0.246852 0.906074 0.004897 0.007374
0 0.321595 0.807233 0.001866 0.003511
0 0.382696 0.794242 0.005597 0.008427
0 0.344916 0.788975 0.002799 0.004213
0 0.329641 0.781426 0.007696 0.012289
0 0.631880 0.701018 0.005364 0.006671
0 0.488806 0.699263 0.003265 0.005267
0 0.594799 0.689782 0.002565 0.004565
0 0.516325 0.664150 0.001866 0.003160
0 0.507346 0.629389 0.003032 0.005267
0 0.310984 0.589361 0.003498 0.005969
0 0.353778 0.582163 0.003731 0.006320
0 0.339669 0.581636 0.006763 0.010183
0 0.336987 0.576896 0.002799 0.003511
0 0.410215 0.574965 0.003731 0.005267
0 0.345849 0.573034 0.002799 0.004213
0 0.276586 0.456461 0.003265 0.004916
0 0.333139 0.433111 0.003498 0.005267
0 0.507579 0.427142 0.004897 0.008076
0 0.336171 0.423631 0.005364 0.007374
0 0.373834 0.407303 0.003731 0.005618
0 0.376399 0.390449 0.003265 0.005618
0 0.370336 0.387289 0.003265 0.004916
0 0.397621 0.383251 0.004198 0.005969
0 0.372435 0.376756 0.003265 0.004916
0 0.734375 0.363588 0.006063 0.008778
0 0.290229 0.336025 0.002565 0.004213
0 0.267840 0.330758 0.002565 0.004213
0 0.661964 0.271770 0.004897 0.007022
0 0.428755 0.258251 0.005364 0.008076
0 0.651469 0.205758 0.003032 0.004213
0 0.608909 0.150632 0.003731 0.007725
0 0.555737 0.119558 0.007929 0.012289
1 0.654967 0.984902 0.028218 0.029494
1 0.523787 0.838308 0.013993 0.021419
1 0.581273 0.794593 0.010494 0.011236
1 0.366721 0.398876 0.016558 0.012640
1 0.646105 0.220506 0.012826 0.016854
2 0.281600 0.953827 0.003965 0.006671
2 0.331273 0.885709 0.003032 0.005969
2 0.308769 0.872893 0.002332 0.008427
2 0.326609 0.868504 0.002099 0.005267
2 0.435751 0.868153 0.002099 0.006671
2 0.323811 0.869031 0.003032 0.009129
2 0.367654 0.864642 0.003498 0.004565
2 0.303871 0.865871 0.004664 0.008427
2 0.434935 0.861131 0.003265 0.003862
2 0.448694 0.858322 0.002332 0.003160
2 0.410331 0.852177 0.003032 0.004916
2 0.404734 0.846735 0.003498 0.004565
2 0.309701 0.841292 0.002332 0.003511
2 0.396572 0.840063 0.001632 0.003160
2 0.303172 0.828125 0.001866 0.003160
2 0.319496 0.790906 0.002799 0.004565
2 0.408116 0.724544 0.001399 0.004565
2 0.379548 0.716994 0.002565 0.007725
2 0.418260 0.677493 0.001632 0.002458
2 0.376283 0.678371 0.008162 0.007725
2 0.389809 0.672402 0.001632 0.003511
2 0.413479 0.670295 0.001866 0.003511
2 0.415928 0.668364 0.001632 0.003160
2 0.375000 0.668890 0.002799 0.004213
2 0.390858 0.667135 0.001399 0.004213
2 0.414995 0.664677 0.001632 0.002809
2 0.419076 0.665028 0.002332 0.004213
2 0.355061 0.662746 0.001166 0.001756
2 0.374417 0.663272 0.002099 0.004213
2 0.393657 0.662570 0.001866 0.004213
2 0.379664 0.662044 0.001866 0.003160
2 0.390975 0.660288 0.001632 0.001756
2 0.418144 0.659410 0.003265 0.004213
2 0.381530 0.658708 0.002332 0.003511
2 0.388876 0.657128 0.003032 0.005267
2 0.371035 0.655899 0.002332 0.003511
2 0.358559 0.656952 0.003498 0.006320
2 0.384212 0.653090 0.003965 0.004916
2 0.354128 0.650105 0.002099 0.003862
2 0.359492 0.649228 0.002099 0.004916
2 0.364272 0.646770 0.001399 0.003511
2 0.375583 0.646419 0.001632 0.003511
2 0.388060 0.645716 0.003265 0.004213
2 0.472481 0.645190 0.002799 0.003862
2 0.445079 0.644487 0.002099 0.004565
2 0.381063 0.639221 0.001866 0.003862
2 0.516208 0.636236 0.002565 0.003511
2 0.490089 0.636060 0.001632 0.003862
2 0.409748 0.637114 0.006063 0.010885
2 0.342351 0.635007 0.004198 0.006671
2 0.495686 0.632198 0.005364 0.005267
2 0.372785 0.643785 0.023088 0.031952
2 0.386894 0.629389 0.002332 0.003862
2 0.346898 0.625527 0.002565 0.003160
2 0.368470 0.606917 0.001399 0.003160
2 0.312500 0.565485 0.000933 0.001756
2 0.361357 0.560920 0.001632 0.002458
2 0.320662 0.560920 0.000933 0.002458
2 0.273671 0.556004 0.001632 0.003160
2 0.308302 0.518083 0.002332 0.003862
2 0.322994 0.415028 0.001866 0.002107
2 0.295592 0.406601 0.001632 0.002107
2 0.318330 0.361482 0.002799 0.003862
2 0.319613 0.353055 0.002565 0.003160
2 0.293960 0.291608 0.003498 0.004565
2 0.708022 0.279143 0.004664 0.008427
2 0.448577 0.279143 0.007696 0.014045
2 0.293260 0.271594 0.003498 0.005969
2 0.690532 0.270365 0.005597 0.008427
2 0.626866 0.257725 0.004198 0.006320
2 0.627449 0.251053 0.003032 0.003511
2 0.609025 0.224017 0.002099 0.003511
2 0.616954 0.213834 0.003498 0.004916
2 0.186101 0.135183 0.002799 0.007022
3 0.820429 0.630267 0.023787 0.033006
3 0.741371 0.258251 0.023321 0.056531