0 0.766208 0.857444 0.004897 0.006320
0 0.560751 0.857619 0.005830 0.007374
0 0.516791 0.852704 0.003265 0.005267
0 0.655201 0.820400 0.004431 0.007374
0 0.724114 0.816187 0.004198 0.006671
0 0.665928 0.808111 0.003498 0.005267
0 0.553172 0.802493 0.003731 0.005267
0 0.547808 0.798104 0.004664 0.006320
0 0.663946 0.796348 0.004198 0.006320
0 0.657533 0.767907 0.003498 0.004213
0 0.528451 0.659586 0.003265 0.005267
0 0.673741 0.624298 0.003265 0.004916
0 0.719100 0.564080 0.002565 0.004565
0 0.734375 0.535288 0.003731 0.005969
0 0.689715 0.428897 0.003498 0.005267
0 0.677122 0.294066 0.003498 0.005267
0 0.144706 0.291608 0.003498 0.004565
0 0.141091 0.280197 0.003265 0.004213
0 0.177589 0.276861 0.010028 0.014396
0 0.214319 0.267907 0.003731 0.005618
0 0.591301 0.242802 0.008162 0.012992
0 0.587570 0.228581 0.002565 0.003511
0 0.642141 0.151510 0.003965 0.005969
1 0.511427 0.832338 0.010261 0.017907
1 0.725047 0.556882 0.006063 0.011938
1 0.686217 0.446454 0.011427 0.013694
1 0.122551 0.290555 0.009095 0.010183
2 0.553871 0.566187 0.004664 0.008076
2 0.079291 0.425386 0.002799 0.005267
2 0.085938 0.423104 0.007696 0.011236
2 0.489855 0.351650 0.003965 0.005267
2 0.502565 0.349192 0.006530 0.007374
2 0.491954 0.344979 0.002565 0.004565
2 0.509911 0.333216 0.002099 0.003511
2 0.519706 0.329529 0.003032 0.005267
2 0.519123 0.323560 0.000933 0.001756
2 0.493120 0.309867 0.005364 0.008076
2 0.504314 0.290028 0.001632 0.002809
2 0.580690 0.240169 0.002799 0.004213
2 0.580224 0.203652 0.003731 0.007725
3 0.781483 0.806004 0.022854 0.040379
3 0.688549 0.288799 0.017024 0.028441