0 0.296059 0.940660 0.004431 0.007725
0 0.309235 0.729635 0.004198 0.007022
0 0.429688 0.607444 0.003498 0.005618
0 0.133979 0.573385 0.001632 0.003511
0 0.425723 0.524754 0.003965 0.006671
0 0.448461 0.509480 0.002799 0.005618
0 0.516091 0.469979 0.003731 0.005969
0 0.520406 0.466292 0.003498 0.005618
0 0.097015 0.402212 0.004198 0.007374
0 0.594333 0.333743 0.005364 0.008778
0 0.587104 0.332690 0.005364 0.008778
0 0.202892 0.245611 0.003731 0.006671
0 0.367771 0.236833 0.006530 0.008778
0 0.663130 0.217346 0.003965 0.007022
0 0.580107 0.147472 0.004897 0.007725
0 0.347015 0.143258 0.005131 0.007022
0 0.497785 0.116924 0.002565 0.003511
0 0.702425 0.112711 0.003265 0.004916
0 0.333955 0.104635 0.004198 0.006320
0 0.220965 0.096735 0.002565 0.004565
0 0.514925 0.098490 0.005597 0.010183
0 0.492654 0.087956 0.003498 0.005267
0 0.538596 0.083919 0.004897 0.006320
0 0.522271 0.077949 0.003498 0.005618
0 0.264809 0.069698 0.003498 0.005969
0 0.531367 0.063904 0.004897 0.007725
0 0.451259 0.061622 0.006530 0.008076
0 0.561917 0.008954 0.003498 0.005267
1 0.466535 0.688553 0.031483 0.037921
1 0.278801 0.648876 0.024953 0.042135
1 0.090019 0.618680 0.023787 0.032303
1 0.121502 0.613940 0.042444 0.078301
1 0.168493 0.543890 0.008629 0.022472
1 0.132463 0.556180 0.043843 0.051966
1 0.408116 0.463834 0.095616 0.066011
1 0.717234 0.360604 0.007229 0.013343
1 0.092701 0.355688 0.014226 0.006320
1 0.555620 0.335499 0.010028 0.010183
1 0.127565 0.317240 0.075560 0.064958
1 0.312733 0.291257 0.021922 0.034059
1 0.363573 0.220857 0.011194 0.018258
1 0.274370 0.203125 0.010028 0.023525
1 0.565998 0.154670 0.006530 0.007374
1 0.462803 0.168364 0.062267 0.053722
1 0.704524 0.148525 0.015858 0.034410
1 0.766674 0.164853 0.055271 0.080407
1 0.501166 0.136236 0.013526 0.024579
1 0.562267 0.128511 0.021922 0.030899
1 0.594100 0.103757 0.011427 0.010885
1 0.700676 0.079705 0.037547 0.051966
1 0.561800 0.056180 0.028918 0.014747
1 0.567747 0.037746 0.013293 0.012992
1 0.375117 0.031952 0.010494 0.014747
1 0.385028 0.025456 0.008862 0.008076
1 0.413363 0.021419 0.051539 0.040730
2 0.510611 0.890449 0.004431 0.006320
2 0.302239 0.679424 0.008862 0.012640
2 0.294193 0.672226 0.002565 0.008778
2 0.484492 0.654494 0.003965 0.008427
2 0.623951 0.627633 0.002099 0.002458
2 0.313899 0.626404 0.006530 0.014747
2 0.614739 0.601475 0.001866 0.004213
2 0.611474 0.600421 0.002332 0.004916
2 0.615438 0.592697 0.007463 0.010534
2 0.500233 0.587956 0.008396 0.015098
2 0.490788 0.579705 0.002565 0.007022
2 0.635611 0.575843 0.003965 0.009129
2 0.163713 0.556180 0.004198 0.007022
2 0.498717 0.537219 0.005364 0.014747
2 0.455107 0.522823 0.003032 0.005618
2 0.507812 0.522121 0.002565 0.014045
2 0.428988 0.512289 0.005364 0.009831
2 0.477612 0.508251 0.003731 0.006671
2 0.424324 0.502633 0.004431 0.005969
2 0.481926 0.521594 0.034282 0.048806
2 0.481810 0.500176 0.003731 0.006671
2 0.554571 0.499298 0.002799 0.007022
2 0.456740 0.498420 0.003498 0.007374
2 0.546875 0.494206 0.005597 0.011587
2 0.469799 0.496664 0.012360 0.017907
2 0.555271 0.490695 0.001866 0.007374
2 0.562850 0.489817 0.001632 0.007725
2 0.560634 0.486131 0.001866 0.005969
2 0.552006 0.462781 0.001866 0.007022
2 0.549090 0.463308 0.003032 0.008076
2 0.558535 0.471910 0.007929 0.028090
2 0.495336 0.383778 0.002332 0.008427
2 0.500117 0.381671 0.005364 0.014045
2 0.489389 0.349368 0.006297 0.022472
2 0.598764 0.306355 0.005830 0.012289
2 0.607509 0.302669 0.002332 0.009129
2 0.624883 0.294066 0.003498 0.005969
2 0.601213 0.294944 0.005597 0.011938
2 0.630131 0.289150 0.003731 0.005969
2 0.616954 0.289150 0.005364 0.014396
2 0.651586 0.282830 0.005597 0.009480
2 0.626749 0.282479 0.006763 0.009480
2 0.641325 0.279143 0.002799 0.004213
2 0.604594 0.274579 0.004897 0.008427
2 0.112990 0.268258 0.003032 0.004916
2 0.631063 0.261938 0.005131 0.008427
2 0.627099 0.259480 0.002799 0.004916
2 0.116371 0.260885 0.003265 0.009129
2 0.122668 0.245787 0.002799 0.006320
2 0.578941 0.207514 0.001632 0.004213
2 0.579757 0.201018 0.003265 0.005969
2 0.582323 0.177669 0.003265 0.005618
2 0.590135 0.163624 0.001632 0.008427
2 0.580690 0.162921 0.003731 0.007022
2 0.607160 0.157303 0.003498 0.005618
2 0.584305 0.155197 0.002565 0.005618
2 0.593633 0.165028 0.010961 0.031601
2 0.600280 0.145892 0.010728 0.016503
2 0.588036 0.139396 0.002099 0.004213
2 0.604244 0.130442 0.003731 0.004565
2 0.454757 0.116749 0.003265 0.005267
2 0.424090 0.112184 0.007229 0.010885
2 0.445429 0.110077 0.006530 0.008076
2 0.402519 0.110077 0.004664 0.012289
2 0.611474 0.105688 0.001866 0.004213
2 0.614156 0.104284 0.003032 0.005618
2 0.462570 0.108497 0.008162 0.014747
2 0.616954 0.102704 0.002099 0.003862
2 0.604361 0.102879 0.004897 0.009831
2 0.454291 0.103933 0.006530 0.014045
2 0.599114 0.099719 0.004198 0.009129
2 0.689482 0.100421 0.009095 0.014045
2 0.432952 0.095857 0.003498 0.005618
2 0.579757 0.094101 0.002332 0.003511
2 0.427239 0.093926 0.001866 0.005267
2 0.470732 0.094628 0.002565 0.008778
2 0.438783 0.095330 0.004897 0.013694
2 0.586754 0.088659 0.002332 0.003160
2 0.583256 0.088308 0.002799 0.003160
2 0.425023 0.089537 0.003032 0.008427
2 0.428521 0.086376 0.002565 0.004916
2 0.458605 0.086201 0.003965 0.006671
2 0.470033 0.084972 0.003498 0.006320
2 0.394473 0.084796 0.002565 0.005969
2 0.582206 0.082865 0.002565 0.003511
2 0.462570 0.087956 0.003498 0.015098
2 0.445079 0.088132 0.007229 0.015449
2 0.578941 0.081987 0.002565 0.003862
2 0.592701 0.086201 0.009562 0.014396
2 0.570662 0.082865 0.012127 0.013343
2 0.465718 0.077949 0.005131 0.011236
2 0.452659 0.073209 0.003731 0.004565
2 0.401353 0.067942 0.002799 0.004565
2 0.435751 0.066362 0.002565 0.003511
2 0.476562 0.073736 0.010028 0.018961
2 0.486707 0.067591 0.008396 0.016503
2 0.477612 0.059867 0.007463 0.009480
2 0.501866 0.055829 0.004198 0.006320
2 0.396105 0.049508 0.002565 0.005618
2 0.496735 0.045119 0.002799 0.006671
2 0.515625 0.044768 0.005131 0.011587
2 0.397388 0.034586 0.005597 0.010183
3 0.299207 0.949263 0.029851 0.049508
3 0.095382 0.600421 0.045709 0.045646
3 0.097132 0.554775 0.053405 0.058287
3 0.490788 0.158883 0.013293 0.019312
3 0.581040 0.113413 0.021222 0.031601
3 0.750000 0.132198 0.086754 0.124649
3 0.527402 0.028617 0.055271 0.057233
3 0.456623 0.028090 0.041511 0.056180