0 0.745336 0.824965 0.004198 0.006671
0 0.399837 0.788624 0.011427 0.017556
0 0.376632 0.776159 0.008862 0.013694
0 0.740322 0.528617 0.003032 0.004565
0 0.742421 0.435744 0.003498 0.005618
0 0.791278 0.428020 0.003265 0.004916
0 0.734025 0.418013 0.005364 0.007374
0 0.595149 0.372542 0.002332 0.004213
0 0.582439 0.364115 0.003498 0.005618
0 0.659165 0.290555 0.002565 0.003862
0 0.693680 0.277212 0.003498 0.005267
0 0.684235 0.258251 0.004198 0.006671
0 0.556553 0.050913 0.007229 0.009831
1 0.288363 0.908006 0.045009 0.092697
1 0.622551 0.866222 0.019356 0.016152
1 0.533349 0.838132 0.013993 0.021067
1 0.239272 0.861482 0.035914 0.088132
1 0.352612 0.826721 0.018657 0.020716
1 0.638176 0.834094 0.032882 0.036868
1 0.749184 0.769487 0.013759 0.025632
1 0.111124 0.692240 0.031483 0.059340
1 0.101096 0.636236 0.022621 0.016152
1 0.770406 0.457163 0.010494 0.009129
1 0.697528 0.414853 0.009328 0.014396
1 0.245103 0.161341 0.022388 0.062851
2 0.316814 0.666959 0.013759 0.020014
2 0.595033 0.625351 0.003965 0.004213
2 0.775303 0.606917 0.005364 0.012289
2 0.344916 0.602704 0.005131 0.008778
2 0.694146 0.561447 0.001166 0.002107
2 0.699510 0.563202 0.005830 0.008427
2 0.579291 0.559867 0.001399 0.002458
2 0.568913 0.559340 0.002565 0.002809
2 0.681320 0.557935 0.019823 0.011938
2 0.718050 0.554073 0.004198 0.006320
2 0.706623 0.552142 0.004664 0.008076
2 0.731926 0.546699 0.001166 0.002107
2 0.736707 0.544417 0.005131 0.005267
2 0.696595 0.538448 0.001866 0.003160
2 0.736007 0.538799 0.006996 0.008076
2 0.718633 0.541257 0.024487 0.029846
2 0.681786 0.534761 0.024021 0.021770
2 0.707090 0.515274 0.033582 0.026334
2 0.727729 0.510007 0.008629 0.022121
2 0.700443 0.504038 0.017024 0.015098
2 0.746152 0.507374 0.027285 0.023174
2 0.677822 0.508954 0.026353 0.027739
2 0.670126 0.495611 0.008162 0.008778
2 0.770406 0.492451 0.003032 0.003862
2 0.668377 0.489642 0.002332 0.003862
2 0.677239 0.487360 0.001866 0.002809
2 0.726679 0.487008 0.003265 0.003511
2 0.659865 0.484024 0.002099 0.003160
2 0.649254 0.481566 0.001866 0.002458
2 0.674907 0.477177 0.001866 0.004916
2 0.737640 0.470857 0.002799 0.004916
2 0.691115 0.470857 0.002565 0.005618
2 0.784165 0.468223 0.003498 0.004565
2 0.700910 0.469803 0.004897 0.009129
2 0.670476 0.466994 0.002332 0.005618
2 0.748484 0.469628 0.017491 0.015098
2 0.756996 0.481390 0.041978 0.039326
2 0.622901 0.454705 0.002332 0.005618
2 0.759562 0.453652 0.010261 0.015449
2 0.649370 0.456110 0.012360 0.022472
2 0.749184 0.445751 0.002565 0.003862
2 0.761777 0.441362 0.002099 0.003511
2 0.640042 0.443996 0.008162 0.011587
2 0.765042 0.439607 0.003498 0.003511
2 0.755014 0.443996 0.005830 0.012289
2 0.659981 0.439080 0.004198 0.009480
2 0.500350 0.440133 0.008629 0.012992
2 0.762710 0.432409 0.008162 0.011587
2 0.751866 0.428195 0.004664 0.005969
2 0.671409 0.423279 0.001866 0.004565
2 0.747785 0.423279 0.004431 0.006671
2 0.752799 0.421173 0.005597 0.005969
2 0.756063 0.417310 0.003265 0.003160
2 0.656367 0.421699 0.016558 0.018258
2 0.762477 0.411692 0.003965 0.004565
2 0.768890 0.412219 0.004198 0.008427
2 0.673741 0.406601 0.010728 0.004916
2 0.748717 0.405197 0.002099 0.004213
2 0.687500 0.401861 0.002332 0.003160
2 0.694030 0.394136 0.002332 0.008778
2 0.676306 0.393434 0.009795 0.012289
2 0.699277 0.389572 0.003498 0.008076
2 0.761077 0.390098 0.006297 0.011236
2 0.769473 0.391327 0.005830 0.014396
2 0.684818 0.381496 0.013293 0.015098
2 0.716768 0.378511 0.014226 0.016152
2 0.755714 0.377107 0.013293 0.019663
2 0.691814 0.370962 0.007229 0.009480
2 0.624650 0.381320 0.016558 0.033708
2 0.705107 0.362008 0.001632 0.002809
2 0.704757 0.367626 0.012593 0.016854
2 0.722248 0.359199 0.002332 0.003511
2 0.715835 0.362886 0.008162 0.015098
2 0.632696 0.355337 0.002799 0.004916
2 0.656017 0.360428 0.006996 0.016503
2 0.725396 0.353055 0.002099 0.003862
2 0.719100 0.350772 0.002099 0.004213
2 0.741138 0.369733 0.026586 0.046348
2 0.737523 0.346208 0.005364 0.005618
2 0.722831 0.344452 0.002099 0.002107
2 0.681670 0.346383 0.006530 0.007374
2 0.673974 0.339361 0.001866 0.001053
2 0.729011 0.338659 0.004198 0.003862
2 0.706507 0.343223 0.017024 0.014396
2 0.689599 0.338308 0.002799 0.005267
2 0.669426 0.332514 0.003965 0.003511
2 0.737640 0.332338 0.010261 0.008778
2 0.680504 0.331636 0.011194 0.012289
2 0.733326 0.323209 0.003032 0.007374
2 0.740438 0.318469 0.001399 0.003511
2 0.686684 0.323385 0.010494 0.016854
2 0.709305 0.321980 0.013293 0.014747
2 0.723181 0.323209 0.012127 0.022121
2 0.684235 0.306355 0.011194 0.012289
2 0.591068 0.298982 0.003498 0.004565
2 0.673041 0.286341 0.001399 0.001756
2 0.667211 0.282128 0.006063 0.008778
2 0.672808 0.278968 0.002332 0.003862
2 0.650070 0.279143 0.003965 0.004916
2 0.658815 0.274052 0.002332 0.003160
2 0.678638 0.270541 0.002332 0.003862
2 0.657649 0.268610 0.003731 0.005618
2 0.664179 0.250878 0.004198 0.006671
3 0.236824 0.895716 0.023554 0.050562
3 0.558186 0.853055 0.026819 0.044593
3 0.567514 0.823209 0.020289 0.025632
3 0.675723 0.189431 0.016558 0.046699
3 0.664646 0.123947 0.019123 0.043539
3 0.588386 0.099895 0.019590 0.012992