0 0.266091 0.980513 0.005131 0.008076
0 0.530667 0.973315 0.003032 0.004213
0 0.523671 0.974192 0.005364 0.006671
0 0.379781 0.953652 0.005830 0.008427
0 0.361707 0.949614 0.005131 0.007374
0 0.455807 0.937851 0.004431 0.006320
0 0.371152 0.907654 0.003965 0.005618
0 0.222015 0.854635 0.005131 0.007725
0 0.198577 0.840765 0.004897 0.008076
0 0.463619 0.830583 0.005131 0.007374
0 0.503965 0.809867 0.005131 0.007374
0 0.321129 0.805829 0.003731 0.006320
0 0.469450 0.804775 0.003731 0.004916
0 0.167677 0.803546 0.004198 0.007374
0 0.498951 0.801615 0.003032 0.004916
0 0.527868 0.794593 0.001632 0.002107
0 0.436917 0.763167 0.003032 0.005969
0 0.287780 0.724368 0.007463 0.009831
0 0.640508 0.718399 0.005830 0.009129
0 0.407766 0.706812 0.003032 0.004916
0 0.604478 0.705407 0.004198 0.006320
0 0.406250 0.688904 0.004664 0.006320
0 0.744869 0.683638 0.005131 0.008427
0 0.493120 0.670295 0.004431 0.005618
0 0.359608 0.667486 0.003265 0.004916
0 0.260378 0.663448 0.006763 0.010885
0 0.124650 0.661341 0.004431 0.006671
0 0.523321 0.658357 0.005597 0.007725
0 0.370569 0.652388 0.006063 0.007725
0 0.474813 0.653090 0.006530 0.011236
0 0.498717 0.651861 0.005364 0.010183
0 0.118354 0.650456 0.005364 0.007374
0 0.528335 0.647647 0.002565 0.003160
0 0.359841 0.650808 0.007463 0.010885
0 0.381880 0.643083 0.006763 0.010885
0 0.660448 0.642556 0.006530 0.010534
0 0.256063 0.620084 0.003265 0.005618
0 0.480061 0.611833 0.005830 0.008076
0 0.208605 0.598841 0.003032 0.005267
0 0.550023 0.577423 0.006763 0.010885
0 0.434002 0.574263 0.005131 0.006671
0 0.542094 0.561447 0.006297 0.009831
0 0.257229 0.543188 0.004198 0.006320
0 0.819963 0.532479 0.003265 0.004565
0 0.190532 0.528441 0.004664 0.007725
0 0.219450 0.526334 0.003731 0.004213
0 0.106110 0.525632 0.004198 0.006320
0 0.144123 0.524579 0.004198 0.007725
0 0.780784 0.518258 0.002332 0.003511
0 0.542561 0.505091 0.005364 0.006671
0 0.798041 0.501404 0.005131 0.007022
0 0.390042 0.500527 0.004431 0.006671
0 0.205807 0.499122 0.004897 0.006671
0 0.378382 0.479108 0.003032 0.004565
0 0.223531 0.478757 0.003498 0.005267
0 0.110191 0.478230 0.005364 0.008427
0 0.509095 0.476124 0.004198 0.005618
0 0.159398 0.474895 0.004431 0.007374
0 0.407183 0.464537 0.004664 0.007022
0 0.240205 0.458567 0.005597 0.008427
0 0.473064 0.456812 0.004897 0.007022
0 0.513060 0.454178 0.005131 0.008076
0 0.145756 0.448912 0.008396 0.011587
0 0.159282 0.432760 0.004198 0.007374
0 0.221082 0.424684 0.003265 0.005267
0 0.396222 0.413624 0.005131 0.007725
0 0.400653 0.407479 0.003265 0.005267
0 0.185868 0.401685 0.003731 0.005618
0 0.451376 0.392029 0.003965 0.005969
0 0.801423 0.375176 0.005364 0.008076
0 0.822761 0.369382 0.003731 0.005618
0 0.399254 0.368153 0.004198 0.006671
0 0.825210 0.364466 0.003032 0.004916
0 0.333839 0.364642 0.003965 0.005969
0 0.206740 0.353757 0.003032 0.005267
0 0.281367 0.348139 0.004431 0.005969
0 0.284398 0.334094 0.004897 0.007374
0 0.399370 0.328476 0.003965 0.005969
0 0.583722 0.317591 0.004198 0.005969
0 0.423857 0.316889 0.006763 0.008076
0 0.179338 0.316889 0.005131 0.008076
0 0.121152 0.314256 0.006763 0.009831
0 0.442281 0.307760 0.006763 0.010183
0 0.140508 0.304249 0.003032 0.004565
0 0.363923 0.304073 0.004431 0.006320
0 0.279268 0.303546 0.004431 0.006671
0 0.379314 0.299333 0.002565 0.003862
0 0.354128 0.300562 0.004897 0.006320
0 0.364389 0.296699 0.002565 0.004213
0 0.163479 0.289677 0.003731 0.005618
0 0.414529 0.287570 0.003498 0.005618
0 0.408932 0.284410 0.003965 0.004916
0 0.098414 0.284937 0.003731 0.005969
0 0.413246 0.282128 0.002332 0.003862
0 0.289412 0.267907 0.005131 0.007022
0 0.347948 0.263167 0.004198 0.005969
0 0.444613 0.255267 0.004431 0.006320
0 0.372318 0.254740 0.004897 0.008076
0 0.318913 0.237360 0.003498 0.004916
0 0.618587 0.230162 0.005364 0.007374
0 0.558069 0.224719 0.003731 0.005618
0 0.387477 0.221383 0.003498 0.005267
0 0.431670 0.213834 0.003265 0.005618
0 0.419310 0.211201 0.003265 0.005267
0 0.307952 0.207514 0.005830 0.008427
0 0.705690 0.194522 0.004664 0.007022
0 0.410215 0.193294 0.003731 0.005267
0 0.219566 0.179775 0.003498 0.004916
0 0.351562 0.181355 0.006763 0.008778
0 0.496502 0.176966 0.003731 0.005618
0 0.560751 0.170471 0.002565 0.004565
0 0.573111 0.157654 0.003498 0.004916
0 0.399137 0.156074 0.003032 0.004565
0 0.210354 0.137640 0.003265 0.004916
0 0.458139 0.114993 0.002565 0.004565
0 0.580340 0.030723 0.005830 0.008778
0 0.260145 0.012114 0.005364 0.007374
0 0.579874 0.010007 0.003498 0.005267
0 0.572062 0.007549 0.004664 0.005969
1 0.260028 0.966292 0.009328 0.007022
1 0.366021 0.967872 0.020756 0.014396
1 0.369986 0.934515 0.017491 0.013694
1 0.584655 0.938729 0.018190 0.041081
1 0.237990 0.907654 0.012826 0.020365
1 0.263876 0.919417 0.034282 0.046699
1 0.616021 0.906074 0.031483 0.043890
1 0.589785 0.895014 0.024720 0.023174
1 0.193097 0.888518 0.038246 0.039677
1 0.609958 0.874473 0.009095 0.012992
1 0.478895 0.858497 0.009562 0.008427
1 0.298041 0.836201 0.005131 0.011587
1 0.503032 0.826369 0.011660 0.013694
1 0.348531 0.827247 0.020289 0.032303
1 0.134678 0.805126 0.007229 0.014045
1 0.402985 0.790730 0.013993 0.011236
1 0.182719 0.794066 0.010494 0.018610
1 0.294426 0.767205 0.009095 0.009831
1 0.444030 0.768083 0.007929 0.017907
1 0.516325 0.761060 0.013526 0.015801
1 0.109608 0.760183 0.009795 0.020365
1 0.743937 0.767556 0.018190 0.050562
1 0.705107 0.779143 0.049207 0.150281
1 0.396222 0.706812 0.011194 0.018258
1 0.354361 0.696980 0.017957 0.018961
1 0.344450 0.673104 0.011194 0.010534
1 0.664762 0.676791 0.017024 0.024228
1 0.381413 0.662746 0.005364 0.011587
1 0.763060 0.681706 0.030317 0.078301
1 0.821595 0.651510 0.013060 0.027037
1 0.324277 0.639747 0.009562 0.018258
1 0.772505 0.622015 0.006297 0.013694
1 0.321712 0.619733 0.006297 0.014045
1 0.338386 0.623244 0.023321 0.032303
1 0.577659 0.610428 0.027519 0.034059
1 0.219916 0.594452 0.009328 0.011236
1 0.812617 0.589712 0.015159 0.013694
1 0.230760 0.581110 0.007696 0.016152
1 0.221315 0.555478 0.010728 0.021067
1 0.077076 0.516854 0.019356 0.026685
1 0.186917 0.509831 0.013293 0.019663
1 0.196245 0.496313 0.009095 0.013694
1 0.451842 0.475948 0.010028 0.012289
1 0.847248 0.483497 0.027519 0.042135
1 0.215951 0.428722 0.005597 0.006320
1 0.208489 0.425035 0.006063 0.018610
1 0.475630 0.412746 0.036614 0.021419
1 0.248484 0.399579 0.008629 0.012640
1 0.346315 0.401334 0.006530 0.018961
1 0.189715 0.349719 0.009095 0.015449
1 0.127099 0.335850 0.013993 0.018610
1 0.375700 0.335323 0.012593 0.028090
1 0.473181 0.312500 0.025653 0.028792
1 0.511777 0.298631 0.011427 0.007374
1 0.497551 0.298455 0.009095 0.010534
1 0.402402 0.298631 0.011894 0.016503
1 0.203008 0.284235 0.010028 0.015098
1 0.196245 0.268434 0.009562 0.015801
1 0.159398 0.262640 0.005364 0.009831
1 0.428288 0.270892 0.014692 0.031952
1 0.472598 0.262992 0.029618 0.018258
1 0.396105 0.258076 0.008162 0.012640
1 0.380714 0.252107 0.003965 0.012640
1 0.140742 0.248596 0.009095 0.012640
1 0.226796 0.244382 0.009562 0.013343
1 0.197295 0.239466 0.008862 0.013343
1 0.402519 0.232268 0.008396 0.012289
1 0.353428 0.224895 0.027752 0.017205
1 0.266441 0.222086 0.016091 0.019312
1 0.458372 0.204881 0.009562 0.010885
1 0.658699 0.200140 0.015625 0.012640
1 0.282066 0.188202 0.009095 0.014747
1 0.348531 0.190133 0.038946 0.034059
1 0.477495 0.178020 0.012360 0.016854
1 0.355177 0.134831 0.010728 0.021067
1 0.650886 0.092872 0.016325 0.015098
1 0.633629 0.102177 0.018190 0.044242
1 0.599697 0.084270 0.032882 0.047753
1 0.717351 0.072507 0.012127 0.042486
1 0.231926 0.054951 0.008629 0.011587
2 0.374184 0.919242 0.006297 0.007022
2 0.381646 0.914326 0.006297 0.007725
2 0.446828 0.846910 0.002799 0.003511
2 0.450910 0.838308 0.002099 0.003160
2 0.261660 0.773876 0.004198 0.007022
2 0.222015 0.771419 0.003731 0.005618
2 0.268773 0.752458 0.009562 0.008427
2 0.264692 0.741924 0.005131 0.011938
2 0.207439 0.723490 0.004431 0.008076
2 0.407066 0.679600 0.003498 0.008076
2 0.390742 0.627282 0.002565 0.004565
2 0.416161 0.608673 0.004897 0.005969
2 0.333022 0.602353 0.003265 0.005267
2 0.789412 0.599017 0.004664 0.007022
2 0.390742 0.592697 0.002099 0.004213
2 0.404268 0.582163 0.001632 0.002107
2 0.418377 0.583216 0.003265 0.004916
2 0.420476 0.578476 0.002332 0.005969
2 0.465135 0.541257 0.002565 0.003862
2 0.454874 0.540906 0.010494 0.011587
2 0.444496 0.537219 0.005597 0.005618
2 0.833022 0.527563 0.004664 0.008778
2 0.501749 0.525105 0.005364 0.008076
2 0.255597 0.516152 0.001866 0.002107
2 0.155784 0.510358 0.002799 0.004565
2 0.247551 0.505442 0.002099 0.003160
2 0.527519 0.503336 0.004198 0.005969
2 0.247785 0.498947 0.002099 0.003511
2 0.226679 0.491046 0.002799 0.005267
2 0.205690 0.484902 0.002799 0.005618
2 0.535798 0.483497 0.002099 0.005618
2 0.433302 0.463834 0.003731 0.006320
2 0.834888 0.455934 0.010728 0.020716
2 0.269123 0.445049 0.001399 0.002458
2 0.404268 0.431355 0.002099 0.003862
2 0.364972 0.382725 0.002332 0.003511
2 0.431670 0.368504 0.002332 0.003160
2 0.419426 0.357971 0.001632 0.002458
2 0.288713 0.351299 0.002799 0.003160
2 0.428288 0.350421 0.002099 0.002107
2 0.496968 0.352353 0.004198 0.010183
2 0.465835 0.349017 0.003498 0.005618
2 0.460704 0.344628 0.002099 0.003160
2 0.298158 0.342346 0.003498 0.004916
2 0.326842 0.334972 0.002565 0.004916
2 0.558419 0.332163 0.003965 0.003511
2 0.555504 0.326369 0.004198 0.004565
2 0.562267 0.318996 0.004664 0.004565
2 0.435634 0.324965 0.016791 0.016503
2 0.304338 0.321278 0.005131 0.009831
2 0.543843 0.321454 0.005597 0.012289
2 0.495802 0.314256 0.001866 0.003511
2 0.555271 0.310042 0.002799 0.003511
2 0.298041 0.310744 0.004198 0.008427
2 0.558186 0.305478 0.003498 0.005618
2 0.478195 0.292135 0.003032 0.005618
2 0.300840 0.281952 0.001866 0.003511
2 0.225630 0.257900 0.003498 0.005969
2 0.283465 0.242978 0.004897 0.007022
2 0.350863 0.235604 0.006297 0.009831
2 0.392491 0.228581 0.001866 0.002809
2 0.284515 0.228230 0.002332 0.004916
2 0.243470 0.227177 0.001866 0.002809
2 0.334305 0.226650 0.002565 0.004565
2 0.334072 0.220506 0.002565 0.004213
2 0.335354 0.213483 0.002332 0.004213
2 0.354478 0.213834 0.003265 0.005618
2 0.476796 0.214010 0.004431 0.006671
2 0.319963 0.191538 0.002332 0.004565
2 0.361940 0.167837 0.002332 0.004213
2 0.203358 0.115695 0.010728 0.016503
3 0.650653 0.971910 0.029384 0.055478
3 0.582206 0.971559 0.036614 0.056180
3 0.269123 0.896243 0.041511 0.070576
3 0.176539 0.893961 0.031716 0.071629
3 0.756063 0.808989 0.030317 0.063904
3 0.282533 0.753160 0.024953 0.021067
3 0.661381 0.178020 0.015858 0.028090
3 0.294776 0.138694 0.009795 0.016854
3 0.250000 0.114115 0.009328 0.009831
3 0.227262 0.127985 0.029151 0.048104