0 0.268540 0.918890 0.005830 0.007725
0 0.609142 0.882374 0.002799 0.004916
0 0.516908 0.796348 0.002565 0.004213
0 0.115905 0.769136 0.003731 0.005969
0 0.505480 0.763869 0.003498 0.005267
0 0.279035 0.747015 0.003965 0.005969
0 0.459188 0.706636 0.002332 0.003862
0 0.321712 0.704881 0.002565 0.003160
0 0.408815 0.693645 0.004198 0.005969
0 0.307486 0.684164 0.003032 0.005267
0 0.275303 0.675913 0.002565 0.004213
0 0.416978 0.675035 0.004198 0.005969
0 0.458955 0.675386 0.005131 0.007374
0 0.544310 0.654319 0.004198 0.006671
0 0.481576 0.653617 0.003265 0.005267
0 0.700560 0.633251 0.002799 0.003862
0 0.423158 0.625351 0.003498 0.004916
0 0.332206 0.619382 0.003965 0.007022
0 0.693680 0.606039 0.002565 0.002809
0 0.757696 0.591643 0.002799 0.004213
0 0.304104 0.589537 0.004198 0.007022
0 0.667094 0.588483 0.003965 0.005618
0 0.478661 0.543890 0.002565 0.003511
0 0.720266 0.537746 0.002565 0.003862
0 0.580340 0.521243 0.004431 0.005969
0 0.569963 0.518961 0.003265 0.003511
0 0.627332 0.517029 0.003731 0.005969
0 0.579174 0.504565 0.002099 0.003511
0 0.309935 0.505091 0.003731 0.006671
0 0.311334 0.485428 0.004198 0.005267
0 0.570779 0.477001 0.003498 0.005969
0 0.544426 0.472086 0.005830 0.008778
0 0.803755 0.414150 0.004431 0.006671
0 0.382696 0.401510 0.000933 0.001756
0 0.704757 0.394136 0.001399 0.002458
0 0.604361 0.384129 0.002099 0.003511
0 0.605993 0.373947 0.003965 0.005618
0 0.661147 0.361657 0.002332 0.003511
0 0.736007 0.343048 0.002799 0.003511
0 0.106227 0.342346 0.003965 0.005618
0 0.660448 0.338132 0.002332 0.003511
0 0.661031 0.326896 0.003032 0.004213
0 0.653218 0.324087 0.002332 0.003511
0 0.229361 0.319347 0.002565 0.004565
0 0.648904 0.316011 0.003498 0.004213
0 0.778801 0.312676 0.003032 0.004565
0 0.555037 0.304775 0.004198 0.006320
0 0.576609 0.301264 0.003498 0.005618
0 0.279384 0.266854 0.003731 0.005618
0 0.147971 0.241046 0.003032 0.005267
0 0.156833 0.240520 0.003965 0.006320
0 0.385145 0.228406 0.005364 0.006671
0 0.743937 0.222788 0.003731 0.005969
0 0.270289 0.217697 0.002799 0.004213
0 0.453708 0.203476 0.002565 0.003862
0 0.439599 0.153090 0.002332 0.003511
0 0.668144 0.144312 0.004664 0.008427
0 0.669543 0.117275 0.001866 0.003511
0 0.635611 0.108673 0.002099 0.003160
0 0.417561 0.102704 0.002565 0.003862
0 0.632929 0.099895 0.003265 0.004565
0 0.498251 0.072683 0.003032 0.004213
0 0.692281 0.064607 0.003498 0.005618
1 0.650070 0.987711 0.012360 0.010534
1 0.439016 0.975597 0.016558 0.007374
1 0.423391 0.953301 0.026819 0.037921
1 0.395756 0.919066 0.017724 0.016503
1 0.517141 0.926264 0.027752 0.043539
1 0.364156 0.909059 0.015159 0.018258
1 0.744170 0.897823 0.019123 0.024579
1 0.334188 0.864817 0.021922 0.013343
1 0.385028 0.878511 0.076959 0.047051
1 0.434235 0.850772 0.018657 0.014747
1 0.423041 0.836025 0.003731 0.004916
1 0.379548 0.822507 0.007229 0.005267
1 0.433885 0.817416 0.010028 0.012640
1 0.345499 0.813553 0.013293 0.014747
1 0.353428 0.799684 0.005364 0.008778
1 0.322411 0.819698 0.032882 0.071980
1 0.406833 0.763869 0.003965 0.008076
1 0.601679 0.757725 0.008396 0.016152
1 0.757812 0.757549 0.013293 0.027037
1 0.412896 0.744909 0.011427 0.012289
1 0.414179 0.722261 0.009795 0.014747
1 0.428172 0.716643 0.005597 0.009129
1 0.681320 0.639045 0.004431 0.009129
1 0.405550 0.620611 0.005597 0.010183
1 0.673507 0.605513 0.008396 0.012289
1 0.543377 0.605688 0.006063 0.018258
1 0.321945 0.601826 0.015159 0.021770
1 0.551189 0.596910 0.006763 0.017556
1 0.295709 0.573385 0.008396 0.007022
1 0.664995 0.565485 0.052006 0.037570
1 0.556437 0.543188 0.004198 0.008427
1 0.569380 0.526334 0.003498 0.005618
1 0.547341 0.509831 0.005597 0.008427
1 0.614739 0.504565 0.004664 0.009129
1 0.355993 0.505442 0.008162 0.011587
1 0.576609 0.500527 0.002565 0.007374
1 0.532183 0.501756 0.006996 0.016152
1 0.602379 0.500000 0.013993 0.015449
1 0.573111 0.457514 0.008162 0.011236
1 0.526819 0.451545 0.005131 0.017556
1 0.451842 0.450140 0.017024 0.026685
1 0.352379 0.434515 0.009795 0.008076
1 0.782066 0.434867 0.008629 0.014396
1 0.675257 0.423455 0.002565 0.008427
1 0.260145 0.415906 0.007229 0.009480
1 0.477845 0.410815 0.005597 0.009831
1 0.749417 0.386587 0.031017 0.046348
1 0.654151 0.365871 0.006530 0.011236
1 0.618470 0.364291 0.005597 0.008778
1 0.745452 0.362184 0.005364 0.012992
1 0.102379 0.359551 0.006530 0.007725
1 0.736940 0.359902 0.006063 0.009129
1 0.610774 0.358848 0.007463 0.015449
1 0.656250 0.355337 0.003731 0.009831
1 0.743937 0.349544 0.006996 0.009480
1 0.392607 0.341117 0.007696 0.012289
1 0.456273 0.292662 0.012826 0.016503
1 0.454757 0.280723 0.001399 0.006671
1 0.602962 0.290555 0.017491 0.031250
1 0.173041 0.249298 0.009328 0.014747
1 0.151353 0.224544 0.010728 0.013694
1 0.390625 0.170295 0.004198 0.003511
1 0.400187 0.162746 0.008862 0.012289
1 0.357859 0.154319 0.020756 0.031250
1 0.699044 0.143961 0.004897 0.016152
1 0.391908 0.142556 0.011427 0.014747
1 0.415695 0.137816 0.008629 0.010183
1 0.707323 0.143961 0.015392 0.023876
1 0.457673 0.134831 0.008162 0.011236
1 0.469333 0.128160 0.010961 0.009129
1 0.640975 0.132900 0.024953 0.035463
1 0.678288 0.125000 0.021222 0.033006
1 0.662197 0.097612 0.012826 0.023876
1 0.699510 0.047402 0.004431 0.006320
1 0.554688 0.039677 0.007696 0.014045
1 0.688316 0.038975 0.013759 0.018961
1 0.567514 0.032303 0.007229 0.008427
2 0.625933 0.897999 0.006063 0.013694
2 0.372785 0.847788 0.001632 0.002458
2 0.379081 0.849017 0.003965 0.006320
2 0.579524 0.834621 0.004664 0.009129
2 0.600863 0.809340 0.003498 0.009129
2 0.560051 0.821980 0.017957 0.035815
2 0.448228 0.807935 0.006996 0.011236
2 0.590951 0.805126 0.003265 0.007022
2 0.461521 0.804951 0.002799 0.007374
2 0.540812 0.799157 0.006996 0.010534
2 0.427822 0.794417 0.002099 0.004565
2 0.498134 0.794242 0.002332 0.007022
2 0.547108 0.804073 0.006996 0.027388
2 0.451493 0.791784 0.001866 0.005618
2 0.432369 0.793364 0.005131 0.008778
2 0.474580 0.789501 0.003265 0.006671
2 0.463036 0.790730 0.003965 0.014747
2 0.454058 0.786692 0.003265 0.006671
2 0.594683 0.784235 0.002332 0.004565
2 0.566115 0.783883 0.002565 0.005969
2 0.458139 0.783357 0.002565 0.007022
2 0.440998 0.785815 0.009328 0.012640
2 0.548741 0.777212 0.004664 0.010183
2 0.334188 0.773876 0.006063 0.004213
2 0.557719 0.775983 0.004431 0.009129
2 0.539179 0.776861 0.006996 0.013694
2 0.572528 0.772999 0.002799 0.006671
2 0.488340 0.777563 0.005597 0.025632
2 0.602612 0.774930 0.009795 0.023876
2 0.402985 0.757022 0.004198 0.011236
2 0.580690 0.753511 0.002799 0.012640
2 0.309002 0.748596 0.002332 0.003511
2 0.358092 0.747893 0.003498 0.005618
2 0.296175 0.747718 0.004198 0.006671
2 0.462803 0.764572 0.033815 0.042486
2 0.302472 0.743680 0.002799 0.003511
2 0.436800 0.747015 0.004664 0.010885
2 0.303405 0.733673 0.003731 0.005969
2 0.621269 0.735428 0.004664 0.010885
2 0.475163 0.731390 0.005364 0.007725
2 0.290462 0.717170 0.004897 0.005969
2 0.607043 0.722086 0.011660 0.020716
2 0.615555 0.715590 0.004431 0.008427
2 0.348064 0.713483 0.002565 0.005618
2 0.623601 0.712254 0.006530 0.007374
2 0.299674 0.709445 0.002799 0.003862
2 0.583372 0.710323 0.003032 0.006320
2 0.595266 0.708392 0.003498 0.005267
2 0.490788 0.708743 0.002565 0.006671
2 0.323344 0.701018 0.003032 0.004565
2 0.604594 0.695751 0.002565 0.007374
2 0.370919 0.696805 0.004431 0.010885
2 0.325560 0.693820 0.002332 0.007022
2 0.470965 0.684867 0.002565 0.005969
2 0.646572 0.681706 0.002565 0.003862
2 0.479361 0.682233 0.003498 0.008427
2 0.578242 0.695400 0.021222 0.035463
2 0.379781 0.678371 0.003032 0.008427
2 0.368470 0.680126 0.003265 0.013343
2 0.559352 0.681004 0.014692 0.015801
2 0.602379 0.678722 0.007929 0.012640
2 0.595266 0.675737 0.004897 0.008076
2 0.477962 0.671699 0.003498 0.007725
2 0.609025 0.668364 0.003498 0.005267
2 0.337220 0.668364 0.002332 0.006671
2 0.331157 0.665555 0.002332 0.005969
2 0.393773 0.660463 0.001632 0.006320
2 0.678405 0.665906 0.009795 0.017907
2 0.473647 0.657654 0.003731 0.007022
2 0.398204 0.659235 0.003498 0.010183
2 0.289646 0.651510 0.003731 0.005969
2 0.635728 0.647472 0.002799 0.004213
2 0.622668 0.646945 0.004664 0.012289
2 0.508162 0.647823 0.005597 0.015449
2 0.503965 0.641678 0.001866 0.003160
2 0.644939 0.639923 0.002565 0.003862
2 0.607393 0.641327 0.024487 0.031952
2 0.584188 0.630618 0.003731 0.014747
2 0.396339 0.627809 0.002099 0.009129
2 0.443214 0.619558 0.003498 0.003160
2 0.494636 0.638343 0.026119 0.047051
2 0.409398 0.616573 0.002099 0.004213
2 0.303521 0.613588 0.002099 0.005969
2 0.448927 0.612711 0.002799 0.006320
2 0.333256 0.609902 0.003731 0.007725
2 0.473647 0.608146 0.007929 0.014045
2 0.463503 0.604108 0.003032 0.005969
2 0.637360 0.611482 0.009328 0.022823
2 0.413130 0.601650 0.003498 0.010183
2 0.571945 0.613588 0.039412 0.035463
2 0.447994 0.600070 0.003265 0.010534
2 0.769240 0.597788 0.004897 0.006671
2 0.452425 0.596383 0.001866 0.004565
2 0.525770 0.602001 0.008162 0.023525
2 0.341185 0.593574 0.005131 0.013694
2 0.392957 0.600948 0.015858 0.031952
2 0.367071 0.603757 0.037780 0.040379
2 0.577192 0.586728 0.003731 0.007725
2 0.346082 0.581461 0.012593 0.012640
2 0.410098 0.580934 0.003965 0.012289
2 0.381530 0.576018 0.002799 0.005969
2 0.446362 0.574087 0.002799 0.010534
2 0.588969 0.569171 0.003498 0.005618
2 0.383046 0.565309 0.005364 0.006320
2 0.350630 0.562676 0.002565 0.003862
2 0.564949 0.572156 0.013759 0.023525
2 0.312267 0.562676 0.005131 0.010885
2 0.398088 0.561271 0.006063 0.013694
2 0.458372 0.556882 0.008629 0.011938
2 0.607276 0.590765 0.034049 0.080407
2 0.470499 0.547402 0.002565 0.005618
2 0.391325 0.564607 0.016791 0.040028
2 0.508512 0.552317 0.005830 0.016152
2 0.503965 0.576369 0.048974 0.066362
2 0.465718 0.547928 0.002799 0.010885
2 0.338619 0.546699 0.006996 0.008427
2 0.516558 0.548982 0.005131 0.015801
2 0.488223 0.540730 0.001632 0.002809
2 0.537430 0.563904 0.025420 0.049860
2 0.468400 0.535815 0.002565 0.004213
2 0.503615 0.544593 0.003965 0.024579
2 0.575793 0.536868 0.004198 0.011938
2 0.605760 0.533181 0.003498 0.005267
2 0.686567 0.533532 0.003731 0.007374
2 0.613573 0.534586 0.004664 0.009480
2 0.484608 0.531952 0.001866 0.005618
2 0.379897 0.536341 0.005131 0.017205
2 0.375117 0.530372 0.003032 0.005267
2 0.333139 0.532479 0.023088 0.017205
2 0.598881 0.528265 0.009328 0.014396
2 0.329991 0.516678 0.002799 0.005969
2 0.510961 0.518083 0.001866 0.009480
2 0.617654 0.513518 0.003032 0.007374
2 0.506180 0.513167 0.005364 0.009480
2 0.408699 0.502809 0.006297 0.011236
2 0.620802 0.499824 0.003731 0.006671
2 0.606926 0.494909 0.004431 0.006671
2 0.672924 0.510358 0.010028 0.039677
2 0.405550 0.491222 0.004664 0.008427
2 0.453242 0.509656 0.016558 0.055126
2 0.472015 0.501931 0.022854 0.041784
2 0.317164 0.483497 0.005597 0.014045
2 0.583372 0.487360 0.013293 0.023876
2 0.655667 0.493153 0.023088 0.036166
2 0.305620 0.478230 0.005364 0.009129
2 0.620219 0.478230 0.011894 0.028792
2 0.536847 0.465063 0.001399 0.003862
2 0.467701 0.471032 0.004897 0.015801
2 0.651236 0.466819 0.009562 0.012289
2 0.631530 0.465941 0.011660 0.014045
2 0.462104 0.461728 0.003498 0.006320
2 0.330574 0.459796 0.002565 0.003160
2 0.368120 0.460674 0.007696 0.007725
2 0.564132 0.460323 0.008396 0.014045
2 0.629664 0.454178 0.004198 0.005969
2 0.420476 0.452774 0.003265 0.006671
2 0.423041 0.504038 0.055970 0.121840
2 0.625700 0.446278 0.002799 0.007022
2 0.432020 0.447331 0.003498 0.010534
2 0.620802 0.444171 0.003265 0.005618
2 0.440532 0.447858 0.007463 0.013694
2 0.336404 0.452949 0.012360 0.023876
2 0.368120 0.444698 0.003498 0.008778
2 0.633862 0.444874 0.004198 0.014045
2 0.384795 0.449614 0.020056 0.024228
2 0.483326 0.441538 0.007229 0.008778
2 0.554104 0.446103 0.013993 0.021419
2 0.606810 0.436973 0.002332 0.003862
2 0.419893 0.439431 0.007696 0.008778
2 0.303405 0.451545 0.015858 0.035112
2 0.465252 0.443118 0.007929 0.021067
2 0.523554 0.441889 0.010728 0.020716
2 0.510261 0.433813 0.007929 0.011587
2 0.366138 0.430126 0.004198 0.004916
2 0.279967 0.432760 0.012360 0.012992
2 0.503848 0.445049 0.024487 0.038272
2 0.453358 0.431882 0.004198 0.011938
2 0.531133 0.429073 0.003032 0.009831
2 0.473881 0.431355 0.007929 0.015801
2 0.720149 0.423982 0.006996 0.011587
2 0.533699 0.421348 0.002565 0.007022
2 0.529268 0.419242 0.002099 0.004213
2 0.642374 0.419242 0.002099 0.004916
2 0.542211 0.428722 0.016325 0.025281
2 0.358675 0.423279 0.006996 0.016503
2 0.658232 0.414501 0.002099 0.003160
2 0.485191 0.415204 0.002099 0.007374
2 0.471199 0.416081 0.003498 0.011236
2 0.532299 0.411692 0.002565 0.008778
2 0.355993 0.408532 0.002099 0.003160
2 0.288013 0.411517 0.006530 0.011938
2 0.528568 0.407128 0.004897 0.005969
2 0.343750 0.405899 0.002332 0.003511
2 0.328941 0.409059 0.006763 0.011236
2 0.420009 0.409410 0.005131 0.012640
2 0.396805 0.403090 0.001632 0.004213
2 0.407183 0.412219 0.016791 0.026685
2 0.394356 0.399754 0.001399 0.003160
2 0.496385 0.400808 0.003965 0.005969
2 0.618820 0.399228 0.002565 0.006320
2 0.397038 0.397472 0.001632 0.002809
2 0.350163 0.396945 0.003965 0.006671
2 0.306786 0.394136 0.003032 0.003862
2 0.387360 0.397296 0.005597 0.010885
2 0.284282 0.390449 0.003265 0.004916
2 0.593167 0.393434 0.008162 0.011587
2 0.664646 0.388869 0.002799 0.005267
2 0.299324 0.388343 0.005830 0.005618
2 0.383046 0.389045 0.005364 0.009129
2 0.292094 0.386587 0.002565 0.004213
2 0.386194 0.383954 0.002799 0.003862
2 0.331856 0.385007 0.004198 0.006671
2 0.583489 0.384831 0.003731 0.013343
2 0.520522 0.377458 0.003265 0.005618
2 0.313549 0.383076 0.009095 0.016854
2 0.341651 0.377107 0.003731 0.005618
2 0.347831 0.374824 0.002565 0.003862
2 0.419193 0.384831 0.010028 0.025281
2 0.627915 0.375176 0.005830 0.008778
2 0.654035 0.371664 0.002099 0.003862
2 0.568097 0.377809 0.026586 0.021770
2 0.412663 0.372367 0.008162 0.010885
2 0.421292 0.366046 0.003965 0.005969
2 0.506763 0.364291 0.001866 0.003160
2 0.314599 0.363413 0.001866 0.004213
2 0.491838 0.365871 0.005597 0.009831
2 0.323111 0.365169 0.003498 0.009129
2 0.318680 0.361657 0.001166 0.002107
2 0.601562 0.362360 0.003032 0.006320
2 0.391091 0.367100 0.008862 0.015801
2 0.412780 0.360955 0.003731 0.007725
2 0.721782 0.359902 0.004198 0.007725
2 0.531250 0.359551 0.004198 0.007725
2 0.716068 0.358146 0.005830 0.007022
2 0.404618 0.359902 0.005597 0.011938
2 0.542327 0.355162 0.002099 0.004565
2 0.559468 0.358497 0.005131 0.012640
2 0.547575 0.355162 0.001866 0.006671
2 0.551073 0.354459 0.001866 0.006671
2 0.315299 0.353581 0.004198 0.006320
2 0.508046 0.350772 0.001632 0.002809
2 0.581623 0.352704 0.005597 0.009480
2 0.756530 0.349192 0.003265 0.004565
2 0.533349 0.348841 0.003731 0.005969
2 0.566931 0.350246 0.010261 0.014396
2 0.457323 0.344628 0.002332 0.004565
2 0.592584 0.345681 0.009795 0.011587
2 0.577076 0.343048 0.003965 0.011236
2 0.516908 0.339537 0.003965 0.006320
2 0.534981 0.335674 0.002332 0.004213
2 0.643657 0.333743 0.003265 0.008076
2 0.446479 0.335674 0.010494 0.014045
2 0.724230 0.327423 0.003032 0.003862
2 0.450793 0.328301 0.002332 0.005618
2 0.603078 0.334270 0.009328 0.019663
2 0.432253 0.323209 0.002099 0.003862
2 0.467001 0.328827 0.011427 0.017205
2 0.593400 0.323385 0.002565 0.008427
2 0.614039 0.324438 0.004664 0.011236
2 0.629548 0.330583 0.007696 0.025632
2 0.415112 0.318820 0.002332 0.004213
2 0.825443 0.318469 0.003498 0.007725
2 0.628382 0.315485 0.001632 0.003862
2 0.622668 0.315309 0.004198 0.004213
2 0.637943 0.313378 0.002565 0.003160
2 0.602379 0.313027 0.008396 0.008778
2 0.609958 0.311622 0.006297 0.006671
2 0.640858 0.308287 0.002332 0.002809
2 0.449860 0.307935 0.003731 0.004916
2 0.401353 0.305302 0.003265 0.004565
2 0.371035 0.305829 0.004198 0.006320
2 0.817631 0.300737 0.001866 0.002458
2 0.813899 0.301088 0.003731 0.003160
2 0.415695 0.304249 0.008629 0.010183
2 0.584888 0.301088 0.002332 0.005267
2 0.631063 0.297051 0.001866 0.003511
2 0.802006 0.299157 0.005131 0.008427
2 0.581390 0.296173 0.003731 0.005267
2 0.435751 0.295997 0.002099 0.004916
2 0.366488 0.297051 0.002565 0.007725
2 0.376749 0.298104 0.007229 0.010534
2 0.636777 0.294242 0.002099 0.003511
2 0.625000 0.297753 0.005597 0.011236
2 0.424557 0.293715 0.002099 0.005969
2 0.827192 0.294944 0.006530 0.010534
2 0.397738 0.291081 0.003032 0.004213
2 0.405550 0.287921 0.002799 0.004213
2 0.378615 0.287570 0.002565 0.004213
2 0.588386 0.277914 0.004664 0.007374
2 0.618237 0.274403 0.004198 0.005969
2 0.400886 0.272472 0.001399 0.006320
2 0.603312 0.270716 0.002799 0.004213
2 0.502565 0.268258 0.005597 0.007725
2 0.120686 0.270892 0.005364 0.016503
2 0.606810 0.263694 0.004664 0.003511
2 0.633396 0.262816 0.003731 0.004565
2 0.176306 0.245260 0.007929 0.010183
2 0.396805 0.235604 0.002565 0.003511
2 0.280317 0.238237 0.008862 0.010885
2 0.180854 0.235253 0.008629 0.007022
2 0.706273 0.233673 0.003498 0.005267
2 0.172808 0.232093 0.003265 0.004916
2 0.189599 0.227353 0.006063 0.006671
2 0.403801 0.224192 0.006297 0.009480
2 0.393540 0.220154 0.003032 0.004916
2 0.411964 0.219277 0.005830 0.009480
2 0.131530 0.211201 0.003731 0.005267
2 0.640975 0.208567 0.002565 0.004213
2 0.183885 0.206461 0.003498 0.004213
2 0.375816 0.206461 0.004897 0.008427
2 0.369170 0.202774 0.007463 0.008076
2 0.134911 0.198736 0.003032 0.004213
2 0.405550 0.202072 0.009795 0.012289
2 0.386311 0.196629 0.003965 0.006320
2 0.383512 0.187851 0.002099 0.002809
2 0.180737 0.188904 0.004664 0.005618
2 0.377099 0.188202 0.005131 0.005618
2 0.167794 0.184867 0.002565 0.003862
2 0.479361 0.182058 0.004431 0.005969
2 0.177239 0.181180 0.005597 0.004916
2 0.300373 0.181355 0.006530 0.009480
2 0.137477 0.167837 0.003032 0.004916
2 0.400886 0.150281 0.007929 0.010534
2 0.409748 0.143434 0.002332 0.003160
2 0.175257 0.137640 0.002565 0.005618
2 0.420243 0.120611 0.007929 0.006671
2 0.416744 0.114817 0.002332 0.004213
2 0.171875 0.114115 0.004198 0.004916
2 0.410448 0.101124 0.006996 0.005618
2 0.279967 0.100246 0.003498 0.004565
2 0.420592 0.100597 0.004431 0.006671
2 0.264459 0.093750 0.003265 0.007022
2 0.520756 0.081110 0.003731 0.006320
2 0.278685 0.081285 0.009328 0.012289
2 0.207206 0.058111 0.003032 0.003160
2 0.269590 0.050913 0.001866 0.002107
2 0.667211 0.040555 0.003265 0.004565
2 0.232160 0.037219 0.002099 0.002809
2 0.274604 0.029846 0.002565 0.004213
2 0.678755 0.027037 0.002565 0.004916
2 0.393307 0.026685 0.007696 0.004916
2 0.232160 0.025456 0.003032 0.005267
2 0.281017 0.025983 0.006063 0.007022
2 0.252449 0.025105 0.009095 0.006671
2 0.223647 0.022296 0.003731 0.004565
2 0.266908 0.018785 0.005830 0.008076
2 0.498834 0.015449 0.009795 0.010534
3 0.350746 0.944171 0.013993 0.025983