0 0.556903 0.846383 0.006996 0.010183
0 0.498251 0.826896 0.005830 0.009129
0 0.575326 0.745435 0.002799 0.004213
0 0.571828 0.735253 0.003731 0.005618
0 0.559118 0.678371 0.004431 0.006320
0 0.575326 0.669944 0.002332 0.003511
0 0.614855 0.576018 0.003032 0.004565
0 0.617771 0.564256 0.004198 0.004916
0 0.134445 0.561622 0.007229 0.010183
0 0.188083 0.560218 0.004897 0.008076
0 0.181670 0.539677 0.003731 0.004916
0 0.225979 0.527388 0.006996 0.011236
0 0.572295 0.521067 0.002799 0.003511
0 0.200910 0.520892 0.004431 0.007374
0 0.571712 0.514923 0.002565 0.003862
0 0.556320 0.506671 0.003498 0.005618
0 0.571945 0.503511 0.005364 0.007725
0 0.569613 0.497542 0.002565 0.004213
0 0.688783 0.205407 0.004897 0.007022
0 0.703008 0.195049 0.005364 0.007374
0 0.598881 0.170119 0.005597 0.006671
0 0.312966 0.111833 0.006063 0.008778
1 0.501632 0.815133 0.007463 0.007374
1 0.496618 0.780197 0.028218 0.051966
1 0.526936 0.661166 0.020756 0.018258
1 0.181670 0.601650 0.005131 0.011587
1 0.159165 0.531777 0.015625 0.015801
1 0.245569 0.508076 0.010261 0.013343
1 0.175956 0.497718 0.008162 0.012992
1 0.483792 0.432233 0.010494 0.006320
1 0.228778 0.396770 0.005597 0.014747
1 0.207323 0.401334 0.023787 0.040730
1 0.220382 0.357444 0.007929 0.011236
1 0.296875 0.372367 0.023787 0.049508
1 0.582323 0.109024 0.045243 0.077598
1 0.674674 0.065660 0.009795 0.022472
2 0.688083 0.974017 0.005830 0.006320
2 0.686800 0.962605 0.015858 0.010183
2 0.704291 0.947507 0.007463 0.007374
2 0.266908 0.636236 0.007696 0.009831
2 0.424324 0.619909 0.010028 0.016503
2 0.263060 0.609902 0.007929 0.009129
2 0.209888 0.594101 0.006063 0.007022
2 0.267257 0.585499 0.009328 0.012992
2 0.225863 0.577072 0.004431 0.004565
2 0.225513 0.570225 0.003731 0.004916
2 0.217584 0.569347 0.006063 0.005969
2 0.523671 0.566889 0.008162 0.012289
2 0.219100 0.563202 0.004431 0.005618
2 0.212337 0.564431 0.008162 0.011587
2 0.528335 0.555478 0.006763 0.008427
2 0.520872 0.549508 0.005364 0.005618
2 0.545126 0.547402 0.003032 0.004916
2 0.202659 0.543890 0.002332 0.003511
2 0.555387 0.536868 0.002565 0.004213
2 0.205107 0.537219 0.003965 0.004916
2 0.518657 0.537395 0.009795 0.010183
2 0.551539 0.526685 0.002332 0.003511
2 0.329058 0.523525 0.001866 0.003511
2 0.431320 0.520014 0.011427 0.013343
2 0.417094 0.512465 0.004897 0.007374
2 0.315065 0.508251 0.003731 0.005267
2 0.422691 0.506847 0.010494 0.015801
2 0.581740 0.496840 0.003032 0.005618
2 0.441465 0.502809 0.021455 0.018961
2 0.387010 0.497367 0.009562 0.011587
2 0.397388 0.496489 0.004664 0.014747
2 0.585005 0.489993 0.003498 0.002458
2 0.585005 0.478230 0.005364 0.005618
2 0.574510 0.469803 0.010028 0.014045
2 0.558652 0.462781 0.008162 0.007725
2 0.559352 0.451545 0.005830 0.008427
2 0.327659 0.441187 0.005597 0.005969
2 0.322528 0.432760 0.005597 0.005969
2 0.357626 0.416959 0.002565 0.003862
2 0.305737 0.424684 0.008862 0.020716
2 0.432020 0.409059 0.005364 0.005618
3 0.650303 0.899754 0.028218 0.023525
3 0.624417 0.048806 0.029618 0.034410