0 0.635145 0.759831 0.004897 0.007022
0 0.385728 0.722963 0.006996 0.010534
0 0.490322 0.631320 0.003965 0.006320
0 0.463036 0.599895 0.003965 0.005969
0 0.096898 0.437324 0.001632 0.002458
0 0.364156 0.394838 0.003965 0.005267
0 0.427472 0.254916 0.004198 0.007022
0 0.573111 0.195576 0.003498 0.005618
0 0.213969 0.164150 0.003032 0.004565
0 0.219100 0.127458 0.002565 0.004916
1 0.115089 0.605513 0.008162 0.012289
1 0.228195 0.282479 0.007696 0.020014
1 0.201143 0.208041 0.010961 0.022823
1 0.218633 0.140976 0.004431 0.012289
2 0.465602 0.994382 0.005830 0.007725
2 0.455807 0.991046 0.003498 0.010183
2 0.453941 0.976650 0.003498 0.004565
2 0.606460 0.881145 0.003965 0.005267
2 0.579524 0.742978 0.001866 0.003511
2 0.583955 0.706461 0.005131 0.009129
2 0.586171 0.698736 0.003965 0.004916
2 0.608909 0.636938 0.006063 0.007725
2 0.605877 0.628511 0.005597 0.004916
2 0.597365 0.625000 0.005830 0.009831
2 0.594683 0.613940 0.005597 0.008076
2 0.645056 0.536692 0.002332 0.003160
2 0.553755 0.476475 0.003498 0.007022
2 0.555387 0.464185 0.006297 0.018258
2 0.563083 0.456285 0.003032 0.003862
2 0.592351 0.453125 0.010728 0.020014
2 0.811567 0.439431 0.004198 0.004565
2 0.099813 0.436096 0.002799 0.002107
2 0.125816 0.433638 0.003032 0.003511
2 0.587803 0.434164 0.004431 0.007374
2 0.082556 0.421348 0.003265 0.006320
2 0.613106 0.411517 0.005597 0.009831
2 0.093284 0.411868 0.011660 0.011938
2 0.086404 0.399930 0.005830 0.007022
2 0.109958 0.395014 0.004431 0.007022
2 0.619286 0.391678 0.008629 0.022121
2 0.628032 0.383251 0.006063 0.008076
2 0.112174 0.378511 0.004664 0.007725
2 0.137826 0.366222 0.012127 0.009129
2 0.606810 0.368680 0.006530 0.014747
2 0.648438 0.356917 0.002565 0.005969
2 0.620919 0.359024 0.008629 0.021419
2 0.610424 0.351650 0.004431 0.008076
2 0.651119 0.343048 0.001866 0.004916
2 0.614506 0.335147 0.006063 0.013694
2 0.606576 0.323209 0.008396 0.015801
2 0.663596 0.313202 0.017491 0.030899
2 0.637593 0.296699 0.006996 0.009831
2 0.758512 0.288624 0.004431 0.010534
2 0.648321 0.276861 0.006530 0.009480
2 0.662547 0.265625 0.003731 0.007374
2 0.674324 0.245435 0.006297 0.009129
2 0.653102 0.240695 0.004431 0.008076
2 0.681786 0.235955 0.002565 0.006320
2 0.670476 0.235253 0.002799 0.004916
2 0.212220 0.234551 0.002332 0.004213
2 0.663829 0.233322 0.004431 0.006671
2 0.670942 0.228757 0.002332 0.005969
2 0.210471 0.223490 0.003032 0.004565
2 0.680154 0.222612 0.004431 0.006320
2 0.697295 0.207865 0.006530 0.010534
2 0.247785 0.139221 0.005830 0.008076
2 0.315415 0.063027 0.003498 0.006671