0 0.160331 0.709270 0.003498 0.004916
0 0.689249 0.558638 0.004431 0.004916
0 0.267957 0.530548 0.006063 0.006320
1 0.135145 0.784937 0.007229 0.010183
1 0.177938 0.831812 0.055037 0.132022
1 0.125117 0.728933 0.010028 0.023174
1 0.134095 0.695576 0.011660 0.020365
1 0.282299 0.658532 0.008162 0.012992
1 0.236824 0.613413 0.035215 0.047051
1 0.256763 0.375176 0.019590 0.025632
1 0.746735 0.288097 0.008862 0.010885
1 0.761194 0.274228 0.006996 0.008427
1 0.740322 0.272121 0.004897 0.017556
2 0.202659 0.572156 0.003265 0.004565
2 0.886660 0.532128 0.002332 0.003160
2 0.871035 0.492978 0.002332 0.003511
2 0.278568 0.447507 0.001632 0.003160
2 0.878148 0.442240 0.002565 0.003862
2 0.803755 0.435218 0.003498 0.005969
2 0.700793 0.416433 0.004664 0.006320
2 0.674907 0.413975 0.003265 0.004916
2 0.071945 0.412570 0.003498 0.006320
2 0.339436 0.390976 0.003032 0.002458
2 0.348414 0.374824 0.001866 0.003160
2 0.344100 0.374649 0.002099 0.003511
2 0.306553 0.367978 0.006297 0.006320
2 0.246618 0.365520 0.001632 0.002809
2 0.360424 0.356390 0.002099 0.002809
2 0.255714 0.353757 0.002099 0.003160
2 0.890159 0.349719 0.001866 0.003511
2 0.275886 0.347963 0.002799 0.005618
2 0.665812 0.317591 0.004198 0.008076
2 0.292677 0.310218 0.002332 0.003862
2 0.321362 0.301615 0.001399 0.004213
2 0.719333 0.287219 0.002099 0.005618
2 0.255597 0.286341 0.003731 0.005969
2 0.236474 0.234902 0.007463 0.007725
2 0.235191 0.216468 0.003498 0.005969
2 0.274837 0.209972 0.002099 0.002107
2 0.262826 0.209445 0.001399 0.003160
2 0.301073 0.202423 0.001866 0.003862
2 0.350746 0.199789 0.002799 0.002809
2 0.280201 0.200843 0.002099 0.004916
2 0.297341 0.195400 0.002799 0.002458
2 0.288596 0.189431 0.001166 0.003160
2 0.299557 0.187324 0.002565 0.004565
2 0.350863 0.184164 0.002099 0.003160
2 0.228195 0.183989 0.001632 0.006320
2 0.279851 0.184691 0.002332 0.009831
2 0.338386 0.173806 0.002799 0.005618
2 0.283582 0.169944 0.002799 0.003511
2 0.319963 0.165906 0.002332 0.005969
2 0.253965 0.163272 0.002332 0.007022
2 0.241838 0.162746 0.001866 0.005969
2 0.248834 0.159235 0.002799 0.004565
2 0.301772 0.139923 0.001399 0.005267
2 0.278918 0.134831 0.002332 0.006320
2 0.266208 0.130794 0.002565 0.005969