0 0.555271 0.966819 0.005597 0.005969
0 0.628265 0.967170 0.005597 0.008076
0 0.575910 0.954705 0.004431 0.005618
0 0.575793 0.943645 0.004198 0.005969
0 0.550373 0.921173 0.003731 0.005969
0 0.683419 0.916784 0.006763 0.009129
0 0.330340 0.911517 0.003498 0.007022
0 0.334888 0.908357 0.003265 0.004213
0 0.319030 0.902914 0.004198 0.005969
0 0.641558 0.891152 0.002799 0.004213
0 0.638993 0.886060 0.003265 0.004565
0 0.521222 0.882022 0.003265 0.003511
0 0.515392 0.880794 0.004664 0.003862
0 0.723997 0.883427 0.006297 0.009831
0 0.551656 0.879389 0.003498 0.005969
0 0.564249 0.875702 0.003498 0.004213
0 0.731460 0.875878 0.003965 0.005267
0 0.745103 0.875000 0.004198 0.006320
0 0.618820 0.867978 0.004431 0.007022
0 0.521572 0.855162 0.003032 0.003160
0 0.741604 0.835674 0.004198 0.006320
0 0.258629 0.828476 0.003265 0.004565
0 0.274720 0.824263 0.003265 0.004565
0 0.747085 0.822683 0.003032 0.004916
0 0.255480 0.819347 0.002565 0.003862
0 0.249534 0.808813 0.004664 0.006671
0 0.655784 0.804424 0.002799 0.004213
0 0.453008 0.771067 0.003498 0.004916
0 0.637826 0.770365 0.003265 0.004213
0 0.604711 0.770716 0.005131 0.007725
0 0.771572 0.767381 0.006297 0.010183
0 0.767491 0.754916 0.003731 0.006320
0 0.442164 0.748420 0.002332 0.003862
0 0.556903 0.718048 0.002332 0.003511
0 0.582906 0.715063 0.005364 0.007374
0 0.162080 0.703125 0.005131 0.008076
0 0.742071 0.676615 0.003731 0.004916
0 0.543610 0.672402 0.006530 0.011236
0 0.483326 0.656952 0.004897 0.007022
0 0.529035 0.652739 0.005830 0.013343
0 0.587920 0.634480 0.004198 0.005618
0 0.541861 0.630618 0.002099 0.002809
0 0.372785 0.623244 0.003498 0.005618
0 0.603661 0.619382 0.002565 0.004213
0 0.650770 0.618153 0.006297 0.008076
0 0.356810 0.607619 0.005131 0.004565
0 0.180271 0.594628 0.005131 0.006671
0 0.526469 0.591468 0.002099 0.003160
0 0.640392 0.584796 0.003731 0.005969
0 0.718633 0.574965 0.001632 0.002458
0 0.525653 0.564607 0.005597 0.007725
0 0.666861 0.562149 0.003965 0.006320
0 0.508862 0.553722 0.002799 0.004916
0 0.693330 0.541784 0.004198 0.007725
0 0.398904 0.541433 0.005364 0.009129
0 0.414762 0.534761 0.004897 0.003511
0 0.734025 0.530723 0.002565 0.003862
0 0.443563 0.500176 0.003265 0.006671
0 0.412430 0.486131 0.004897 0.007374
0 0.405900 0.474368 0.003032 0.005618
0 0.118703 0.473666 0.004198 0.004916
0 0.445196 0.458041 0.002799 0.003862
0 0.339319 0.456812 0.006530 0.008427
0 0.430620 0.436447 0.002565 0.004213
0 0.128498 0.434340 0.004198 0.007725
0 0.395289 0.429600 0.004198 0.005969
0 0.530201 0.423279 0.003032 0.004565
0 0.443680 0.393961 0.003965 0.005618
0 0.532299 0.387114 0.003965 0.005969
0 0.591068 0.373771 0.004431 0.006671
0 0.595616 0.366573 0.002332 0.003511
0 0.461404 0.338834 0.002565 0.004213
0 0.750933 0.331636 0.004198 0.005969
0 0.706623 0.331987 0.004664 0.006671
0 0.600979 0.329354 0.002799 0.004213
0 0.596665 0.297577 0.004897 0.006671
0 0.623834 0.276334 0.001866 0.003511
0 0.642724 0.262289 0.002799 0.003511
0 0.613923 0.261587 0.003965 0.007022
0 0.539529 0.243680 0.003032 0.004916
0 0.133162 0.237360 0.004664 0.007725
0 0.651936 0.200667 0.005830 0.008778
0 0.568680 0.175386 0.004431 0.006671
0 0.215718 0.177317 0.005131 0.011236
0 0.154734 0.172928 0.003965 0.006671
0 0.228545 0.164501 0.005131 0.006671
0 0.660681 0.152212 0.007463 0.010885
0 0.407649 0.146945 0.002799 0.004565
0 0.650886 0.145365 0.004198 0.005618
0 0.654734 0.144136 0.002565 0.005267
0 0.640742 0.141678 0.002565 0.003862
0 0.638060 0.133427 0.006063 0.007725
0 0.225863 0.113237 0.004897 0.008076
0 0.635494 0.067942 0.004198 0.006671
0 0.629548 0.060744 0.003032 0.004213
0 0.249417 0.062676 0.003965 0.008076
0 0.295826 0.042486 0.004431 0.006320
1 0.584305 0.919593 0.025420 0.011236
1 0.625700 0.916959 0.011660 0.007374
1 0.334188 0.915555 0.006063 0.004565
1 0.554688 0.912395 0.010028 0.019312
1 0.340135 0.905372 0.005830 0.008778
1 0.715718 0.905197 0.010261 0.019663
1 0.768773 0.834796 0.018424 0.026334
1 0.675373 0.811271 0.015858 0.022121
1 0.263876 0.774579 0.005830 0.009831
1 0.319613 0.769838 0.005364 0.008076
1 0.134562 0.745084 0.010728 0.016152
1 0.587803 0.693820 0.008162 0.011938
1 0.750350 0.661517 0.006297 0.012640
1 0.405084 0.656601 0.028918 0.033708
1 0.504897 0.622893 0.006063 0.004916
1 0.091185 0.607619 0.006530 0.015801
1 0.376632 0.580407 0.018657 0.032303
1 0.724114 0.556531 0.010728 0.011938
1 0.420826 0.471910 0.008629 0.027388
1 0.363806 0.414326 0.019590 0.008427
1 0.455574 0.412921 0.011894 0.012640
1 0.573927 0.292486 0.007463 0.009831
1 0.748484 0.288097 0.007696 0.015098
1 0.678288 0.267732 0.011427 0.010183
1 0.627449 0.235077 0.010028 0.011587
1 0.632696 0.197858 0.001866 0.008076
1 0.501283 0.187149 0.006763 0.014045
1 0.481576 0.181180 0.010728 0.012640
1 0.583839 0.157479 0.003498 0.010183
1 0.453125 0.165379 0.013060 0.025983
1 0.614855 0.134831 0.016091 0.024579
1 0.724464 0.116397 0.003965 0.008076
1 0.590368 0.113764 0.010961 0.015449
1 0.652868 0.114817 0.028218 0.030899
1 0.602612 0.100421 0.016791 0.013343
1 0.569263 0.096383 0.031250 0.027037
2 0.653918 0.967170 0.005597 0.011587
2 0.667677 0.957163 0.016325 0.018258
2 0.533465 0.870435 0.005830 0.009129
2 0.708605 0.867802 0.002565 0.005267
2 0.516441 0.866397 0.003032 0.003862
2 0.661264 0.862008 0.003032 0.005618
2 0.537313 0.861482 0.008396 0.008076
2 0.637243 0.858322 0.003032 0.005267
2 0.533465 0.849368 0.002099 0.002809
2 0.548041 0.844979 0.001399 0.002458
2 0.532299 0.844101 0.002565 0.003511
2 0.541978 0.834796 0.002332 0.003160
2 0.724813 0.833567 0.003731 0.005618
2 0.579991 0.825140 0.001399 0.002107
2 0.646805 0.828652 0.007696 0.011938
2 0.689832 0.781426 0.010261 0.010885
2 0.678288 0.780723 0.006763 0.011587
2 0.673041 0.769487 0.004198 0.003862
2 0.682020 0.769663 0.007696 0.006320
2 0.687034 0.765976 0.007463 0.008778
2 0.666861 0.764923 0.006763 0.008076
2 0.678521 0.762816 0.004431 0.009480
2 0.690765 0.761060 0.006063 0.008778
2 0.683652 0.751580 0.003498 0.003160
2 0.684701 0.748420 0.002332 0.003862
2 0.637593 0.662570 0.002799 0.004916
2 0.647505 0.636236 0.003965 0.004213
2 0.625350 0.646594 0.012826 0.027037
2 0.691931 0.626580 0.004198 0.003862
2 0.707206 0.623244 0.003498 0.004213
2 0.439949 0.622542 0.003498 0.005618
2 0.456390 0.616046 0.000933 0.002458
2 0.414995 0.612360 0.007229 0.005618
2 0.634795 0.611657 0.002332 0.004916
2 0.462687 0.610779 0.002332 0.003160
2 0.636777 0.597437 0.002565 0.004565
2 0.397505 0.600597 0.009562 0.013694
2 0.401702 0.582514 0.008629 0.007725
2 0.396922 0.569698 0.005131 0.007374
2 0.761777 0.567065 0.003965 0.004916
2 0.409398 0.565836 0.008162 0.009480
2 0.787080 0.557233 0.005131 0.004916
2 0.429688 0.555653 0.002099 0.003160
2 0.491954 0.557935 0.005364 0.011236
2 0.499184 0.556706 0.011427 0.012289
2 0.481576 0.552142 0.001866 0.003862
2 0.440299 0.546524 0.002332 0.003160
2 0.479711 0.546699 0.002332 0.004213
2 0.499767 0.544944 0.002799 0.004213
2 0.832090 0.543364 0.003265 0.003160
2 0.493703 0.546699 0.005597 0.010534
2 0.486124 0.547051 0.007696 0.016152
2 0.812500 0.537921 0.002799 0.002107
2 0.477845 0.539501 0.002799 0.005969
2 0.817048 0.534586 0.004897 0.006671
2 0.492188 0.530372 0.001632 0.002458
2 0.833256 0.529846 0.002799 0.003511
2 0.826493 0.527388 0.002332 0.002809
2 0.516325 0.531074 0.006530 0.015098
2 0.498717 0.525105 0.002099 0.003862
2 0.849813 0.523701 0.003731 0.003862
2 0.505364 0.522823 0.001866 0.004213
2 0.488106 0.522823 0.001866 0.004213
2 0.807369 0.521770 0.004198 0.004213
2 0.483092 0.520892 0.002099 0.003862
2 0.443097 0.519663 0.003731 0.007022
2 0.505131 0.516152 0.001866 0.004213
2 0.482976 0.515449 0.003265 0.004213
2 0.495336 0.513694 0.002332 0.004213
2 0.732160 0.513343 0.003032 0.006320
2 0.855177 0.509305 0.004198 0.004565
2 0.496968 0.507549 0.001399 0.003862
2 0.501866 0.506145 0.006996 0.008076
2 0.494286 0.503511 0.002099 0.003511
2 0.501283 0.499473 0.001632 0.002458
2 0.142724 0.500527 0.010728 0.012992
2 0.128032 0.497015 0.004664 0.006671
2 0.550606 0.495084 0.002799 0.004916
2 0.834422 0.494031 0.003265 0.009129
2 0.505364 0.486131 0.004664 0.010183
2 0.531367 0.482444 0.003498 0.007022
2 0.508862 0.480688 0.002332 0.003511
2 0.477729 0.474544 0.008162 0.011587
2 0.505014 0.470506 0.003032 0.004213
2 0.553055 0.465414 0.003032 0.003862
2 0.138993 0.469452 0.008862 0.015449
2 0.492071 0.464712 0.005131 0.009480
2 0.481227 0.459445 0.002565 0.003862
2 0.469333 0.464712 0.012360 0.015098
2 0.491255 0.455056 0.003498 0.006320
2 0.447062 0.453125 0.004664 0.005969
2 0.719216 0.451018 0.002799 0.003160
2 0.712220 0.454354 0.002332 0.009831
2 0.685168 0.453476 0.006530 0.012289
2 0.454524 0.450316 0.005597 0.006671
2 0.631530 0.457338 0.011194 0.022823
2 0.543027 0.447858 0.001632 0.003862
2 0.485424 0.448034 0.003032 0.004916
2 0.726096 0.447858 0.007229 0.007374
2 0.679571 0.447683 0.008862 0.011938
2 0.476912 0.446103 0.007463 0.009480
2 0.585121 0.447858 0.006530 0.013694
2 0.449510 0.443820 0.006297 0.006320
2 0.696828 0.444698 0.006063 0.010885
2 0.142607 0.446103 0.009095 0.014396
2 0.715252 0.443294 0.006996 0.010183
2 0.593517 0.440485 0.005597 0.007374
2 0.459188 0.445751 0.015858 0.019312
2 0.700560 0.438729 0.006530 0.007374
2 0.724230 0.435744 0.001632 0.004916
2 0.710471 0.436973 0.003965 0.007374
2 0.497318 0.443820 0.014692 0.032303
2 0.680271 0.431004 0.003731 0.008076
2 0.511544 0.434691 0.003965 0.016152
2 0.459305 0.428371 0.004897 0.003511
2 0.689132 0.435569 0.011660 0.019312
2 0.575910 0.425562 0.002099 0.002809
2 0.497435 0.424684 0.001866 0.003160
2 0.445546 0.427317 0.003032 0.009129
2 0.720732 0.425913 0.005364 0.007725
2 0.607976 0.424333 0.001866 0.004565
2 0.475863 0.429600 0.010961 0.015098
2 0.526119 0.446278 0.019590 0.049157
2 0.656367 0.440660 0.015625 0.040730
2 0.582090 0.420997 0.001866 0.004213
2 0.709655 0.419593 0.002332 0.004213
2 0.500117 0.418715 0.004431 0.006671
2 0.475396 0.417662 0.003498 0.006671
2 0.430854 0.423982 0.017491 0.019312
2 0.643773 0.418013 0.007696 0.008076
2 0.485308 0.418890 0.008862 0.009831
2 0.670009 0.432233 0.011194 0.040028
2 0.596082 0.415028 0.003265 0.005618
2 0.419543 0.412570 0.002332 0.002809
2 0.679921 0.418188 0.010028 0.015449
2 0.439366 0.412395 0.002799 0.004565
2 0.582906 0.410112 0.002099 0.002809
2 0.730177 0.409235 0.004198 0.005969
2 0.430387 0.407303 0.001632 0.002809
2 0.666861 0.410463 0.002565 0.009831
2 0.594566 0.408357 0.003032 0.005618
2 0.425840 0.409586 0.008862 0.010183
2 0.582090 0.404319 0.004198 0.005267
2 0.426889 0.402037 0.000700 0.001404
2 0.711404 0.406952 0.007696 0.012640
2 0.611474 0.402212 0.003265 0.003862
2 0.512010 0.412570 0.010028 0.025281
2 0.527402 0.399930 0.002565 0.005618
2 0.485075 0.401159 0.006063 0.009480
2 0.477262 0.399579 0.006763 0.006320
2 0.572411 0.405723 0.008629 0.019312
2 0.701259 0.397472 0.003265 0.005618
2 0.691465 0.397296 0.003731 0.005267
2 0.539412 0.408708 0.011194 0.028090
2 0.421175 0.401510 0.009328 0.015098
2 0.753731 0.399228 0.007929 0.012640
2 0.552938 0.395365 0.003265 0.006320
2 0.428521 0.391503 0.002099 0.002809
2 0.433186 0.391503 0.001632 0.003511
2 0.419776 0.391678 0.003731 0.005267
2 0.739156 0.391678 0.006297 0.006671
2 0.436217 0.389572 0.001166 0.003862
2 0.428055 0.388343 0.002099 0.002107
2 0.580574 0.394312 0.010494 0.014747
2 0.566698 0.392907 0.008396 0.011938
2 0.557836 0.389221 0.005131 0.009480
2 0.480061 0.389747 0.009095 0.011938
2 0.752215 0.385709 0.003965 0.004565
2 0.575910 0.384129 0.001166 0.002107
2 0.691814 0.385183 0.004431 0.007022
2 0.677472 0.389923 0.017724 0.021419
2 0.587570 0.380442 0.001632 0.003862
2 0.597015 0.389045 0.008396 0.023174
2 0.435051 0.381671 0.004431 0.008427
2 0.540345 0.377809 0.001866 0.002809
2 0.498018 0.394487 0.017957 0.038975
2 0.557603 0.379038 0.005597 0.008778
2 0.549090 0.375702 0.002099 0.003511
2 0.486007 0.374122 0.001866 0.001756
2 0.654618 0.383251 0.013060 0.020716
2 0.760261 0.374122 0.002332 0.005267
2 0.732160 0.386236 0.014226 0.029494
2 0.554688 0.373069 0.005364 0.006671
2 0.709538 0.373596 0.007229 0.008427
2 0.406950 0.371313 0.004664 0.008076
2 0.649254 0.368855 0.003265 0.003862
2 0.543727 0.370962 0.003965 0.009480
2 0.413713 0.367978 0.003265 0.004213
2 0.603545 0.368855 0.006063 0.008076
2 0.418493 0.366397 0.002565 0.003862
2 0.486474 0.364291 0.001866 0.003160
2 0.482626 0.363764 0.002099 0.003511
2 0.556786 0.365520 0.004897 0.009129
2 0.612174 0.378511 0.012593 0.036517
2 0.531483 0.361833 0.001866 0.003160
2 0.699277 0.361482 0.005364 0.008076
2 0.576726 0.364115 0.005597 0.014045
2 0.704408 0.363940 0.008629 0.016503
2 0.444380 0.356566 0.001166 0.001756
2 0.585588 0.355513 0.002799 0.005267
2 0.554104 0.357619 0.008396 0.010885
2 0.426889 0.366046 0.013293 0.029846
2 0.684118 0.352528 0.003032 0.004916
2 0.625700 0.360253 0.012127 0.020365
2 0.460588 0.353055 0.003265 0.005969
2 0.696945 0.352001 0.003498 0.004565
2 0.449044 0.351826 0.004431 0.006320
2 0.716301 0.363764 0.016091 0.032303
2 0.735075 0.358497 0.016325 0.025281
2 0.544893 0.348315 0.002565 0.004916
2 0.624767 0.346910 0.003731 0.003511
2 0.576259 0.351124 0.005597 0.011938
2 0.755364 0.347963 0.005597 0.006320
2 0.566814 0.356390 0.006763 0.025281
2 0.572878 0.343399 0.003965 0.004916
2 0.747435 0.345506 0.006530 0.009831
2 0.764459 0.353933 0.010261 0.028792
2 0.622901 0.339361 0.001866 0.003160
2 0.725163 0.340590 0.006763 0.007022
2 0.491838 0.356039 0.016325 0.037921
2 0.456390 0.340063 0.002799 0.006671
2 0.685051 0.342346 0.005364 0.012640
2 0.606693 0.351124 0.028218 0.030197
2 0.738106 0.336552 0.004198 0.006671
2 0.625466 0.334621 0.002799 0.002809
2 0.610774 0.338834 0.013526 0.014747
2 0.519823 0.335323 0.006063 0.007725
2 0.449743 0.336201 0.004431 0.010183
2 0.549790 0.332163 0.002099 0.003511
2 0.656600 0.332514 0.003965 0.004916
2 0.593517 0.334445 0.007929 0.010885
2 0.452659 0.331812 0.002332 0.005618
2 0.546525 0.340239 0.025420 0.023174
2 0.436684 0.343399 0.013293 0.029494
2 0.776702 0.331285 0.003032 0.007374
2 0.445662 0.331636 0.005597 0.008778
2 0.555737 0.329178 0.003265 0.006671
2 0.657882 0.326194 0.003265 0.003511
2 0.499067 0.333392 0.013526 0.021419
2 0.447528 0.323034 0.003731 0.002809
2 0.458722 0.324614 0.004664 0.009480
2 0.442164 0.323385 0.002332 0.007725
2 0.598064 0.316362 0.002565 0.003511
2 0.512710 0.316362 0.002099 0.004916
2 0.652635 0.314782 0.001632 0.004565
2 0.462104 0.314256 0.002565 0.006320
2 0.662080 0.312676 0.002332 0.004565
2 0.554104 0.314958 0.007929 0.011236
2 0.456856 0.311973 0.003265 0.005969
2 0.591301 0.311447 0.007229 0.014045
2 0.652635 0.306004 0.004431 0.005267
2 0.695196 0.304775 0.002332 0.003511
2 0.687150 0.304775 0.005364 0.007022
2 0.600630 0.303722 0.006297 0.007022
2 0.657533 0.300737 0.003032 0.005267
2 0.518190 0.314782 0.021922 0.033357
2 0.611124 0.313729 0.023554 0.034059
2 0.586521 0.300386 0.006996 0.011587
2 0.682020 0.296348 0.002565 0.004213
2 0.605644 0.293013 0.005131 0.008076
2 0.617071 0.296173 0.011660 0.018610
2 0.579757 0.287219 0.002799 0.004213
2 0.628498 0.292135 0.005597 0.016854
2 0.690532 0.280548 0.006530 0.005618
2 0.590368 0.279670 0.006297 0.011587
2 0.629198 0.276510 0.005597 0.005969
2 0.602729 0.272823 0.004431 0.007022
2 0.611824 0.274403 0.008629 0.010885
2 0.651819 0.274930 0.010261 0.016854
2 0.590252 0.268785 0.005131 0.007374
2 0.639692 0.265625 0.002799 0.007374
2 0.599580 0.264396 0.003731 0.008427
2 0.595849 0.258603 0.002799 0.004565
2 0.613689 0.252985 0.005830 0.008778
2 0.591301 0.251053 0.003965 0.009831
2 0.648904 0.249298 0.006763 0.009129
2 0.624650 0.246138 0.003032 0.003511
2 0.643773 0.243855 0.002565 0.004565
2 0.604478 0.247015 0.012127 0.010885
2 0.648088 0.242626 0.002799 0.003511
2 0.655201 0.239291 0.003965 0.005969
2 0.599347 0.231215 0.003731 0.005969
2 0.656483 0.230864 0.001866 0.005969
2 0.651003 0.230688 0.003032 0.005618
2 0.652285 0.225597 0.001399 0.003862
2 0.619869 0.225070 0.006530 0.012640
2 0.644240 0.220330 0.006763 0.010885
2 0.599580 0.213659 0.002332 0.005267
2 0.611124 0.212781 0.002099 0.004916
2 0.613573 0.206636 0.003731 0.003160
2 0.627215 0.204003 0.012826 0.033006
2 0.536730 0.099719 0.005830 0.008427
2 0.531017 0.087079 0.004664 0.011236
2 0.539646 0.085850 0.011660 0.015098
2 0.735891 0.074789 0.006763 0.007725
2 0.443680 0.040379 0.002565 0.007022
2 0.414762 0.030197 0.004897 0.007022
3 0.690415 0.159937 0.022155 0.066362