0 0.347715 0.875000 0.006063 0.009129
0 0.679104 0.844803 0.005131 0.009129
0 0.678638 0.807409 0.004664 0.008778
0 0.578242 0.772472 0.003965 0.006320
0 0.265275 0.734199 0.003965 0.005618
0 0.748368 0.595857 0.003731 0.005618
0 0.414995 0.520014 0.003498 0.005618
0 0.303638 0.515274 0.006063 0.008778
0 0.420592 0.509656 0.007229 0.012992
0 0.448344 0.463308 0.006297 0.008076
0 0.385961 0.365344 0.004664 0.005969
0 0.426656 0.256320 0.006297 0.009129
0 0.730294 0.090414 0.004897 0.007374
1 0.210821 0.953827 0.008396 0.009480
1 0.300373 0.794417 0.007463 0.011587
1 0.833955 0.547577 0.013993 0.015098
1 0.349230 0.435744 0.008629 0.017556
2 0.239972 0.968223 0.001866 0.002458
2 0.244869 0.967170 0.004198 0.005969
2 0.206390 0.930302 0.004664 0.008778
2 0.227845 0.936447 0.013993 0.025983
2 0.258512 0.649930 0.002565 0.004213
2 0.342934 0.618153 0.005364 0.007374
2 0.196012 0.574438 0.003032 0.003511
2 0.225396 0.558989 0.004431 0.005618
2 0.200443 0.521243 0.003498 0.004565
2 0.181903 0.520014 0.005131 0.006320
2 0.173041 0.473666 0.004664 0.005618
2 0.574860 0.465590 0.004198 0.008427
2 0.405201 0.450843 0.004431 0.007022
2 0.377682 0.449614 0.003032 0.005969
2 0.572994 0.439958 0.006530 0.031601
2 0.510378 0.375878 0.002565 0.005969
2 0.825793 0.299860 0.004198 0.004916
2 0.474813 0.300386 0.006063 0.007374
2 0.483909 0.281074 0.004664 0.005969