0 0.535914 0.760007 0.002799 0.003862
0 0.494520 0.613413 0.004897 0.006320
0 0.095382 0.500351 0.004198 0.005618
0 0.098064 0.489817 0.004431 0.006320
0 0.208489 0.277739 0.006530 0.007725
0 0.215252 0.268083 0.005597 0.008076
0 0.452775 0.050562 0.003965 0.004916
1 0.231343 0.559340 0.010728 0.009831
1 0.234025 0.315485 0.010961 0.023525
2 0.492421 0.671875 0.005364 0.007374
2 0.142374 0.539150 0.004897 0.005267
2 0.145289 0.531601 0.004664 0.009129
2 0.131180 0.527212 0.005830 0.008076
2 0.138526 0.525983 0.006530 0.014747
2 0.180737 0.516327 0.004198 0.005969
2 0.152285 0.513694 0.032649 0.026685
2 0.174440 0.501053 0.004198 0.008427
2 0.189249 0.501580 0.016091 0.023525
2 0.196362 0.487711 0.004198 0.005618
2 0.143307 0.489115 0.017491 0.020365
2 0.163013 0.481742 0.018190 0.012640
2 0.234375 0.478230 0.020056 0.023174
2 0.427705 0.469628 0.014459 0.016503
2 0.191698 0.453476 0.012593 0.032654
2 0.197994 0.432409 0.005131 0.011587
2 0.206157 0.430829 0.005597 0.011236
2 0.254781 0.443294 0.012360 0.041081
2 0.148787 0.429073 0.010261 0.012640
2 0.245569 0.428897 0.004664 0.014396
2 0.213619 0.428897 0.006530 0.023525
2 0.099464 0.415555 0.003965 0.008778
2 0.082206 0.415555 0.007229 0.015801
2 0.095149 0.401159 0.003731 0.008778
2 0.073927 0.394312 0.004664 0.020365
2 0.434701 0.392732 0.011660 0.017907
2 0.319380 0.311973 0.004431 0.014396
2 0.257812 0.309340 0.006297 0.017556
2 0.310401 0.306706 0.009795 0.024228
2 0.305620 0.285815 0.009562 0.012640
2 0.285331 0.278968 0.004431 0.009480
2 0.274837 0.264221 0.004897 0.008778
2 0.246152 0.264572 0.005830 0.018610
2 0.270989 0.253687 0.010261 0.008778
2 0.329291 0.250527 0.011194 0.018610
2 0.276236 0.233497 0.003032 0.005618
2 0.302822 0.222612 0.004431 0.008427