0 0.689249 0.736306 0.008629 0.011938
0 0.468167 0.691187 0.004431 0.008076
0 0.469683 0.636412 0.003265 0.004565
0 0.518190 0.636236 0.003731 0.005618
0 0.815648 0.591468 0.010028 0.005969
0 0.259795 0.492100 0.003731 0.005969
0 0.412896 0.487360 0.006763 0.007022
0 0.804104 0.484551 0.005131 0.007022
0 0.226446 0.471208 0.002332 0.003511
0 0.184352 0.470330 0.003032 0.004565
0 0.138176 0.458041 0.003498 0.005969
0 0.257696 0.437676 0.003731 0.005267
0 0.227729 0.417662 0.003498 0.006671
0 0.281833 0.401159 0.004431 0.005969
0 0.293377 0.385183 0.006996 0.009831
0 0.842701 0.383251 0.005830 0.008076
0 0.118587 0.371138 0.003965 0.008427
0 0.392840 0.348490 0.006297 0.010885
0 0.119753 0.344979 0.003965 0.008076
0 0.138293 0.342346 0.003731 0.005618
0 0.441231 0.338483 0.005131 0.005618
0 0.178405 0.301440 0.003265 0.007374
0 0.373134 0.268434 0.002332 0.003862
0 0.138759 0.267907 0.006063 0.008427
0 0.476446 0.257725 0.006530 0.007022
0 0.680620 0.249824 0.005364 0.008076
0 0.242421 0.244733 0.006297 0.007725
0 0.734025 0.247191 0.006297 0.014045
0 0.426656 0.237184 0.003498 0.003862
0 0.450676 0.235253 0.004897 0.007725
0 0.681320 0.232268 0.005830 0.010183
0 0.240555 0.215941 0.003498 0.007725
0 0.392607 0.205758 0.003498 0.005618
0 0.418493 0.206110 0.008629 0.009129
0 0.418610 0.192240 0.006996 0.010885
0 0.322761 0.171875 0.005131 0.006671
0 0.411381 0.161868 0.007929 0.007022
0 0.707206 0.147823 0.006297 0.011236
0 0.386777 0.067416 0.003498 0.006320
1 0.645289 0.877985 0.004664 0.010183
1 0.505014 0.783181 0.026819 0.055829
1 0.763759 0.780723 0.065765 0.064256
1 0.732160 0.702423 0.026353 0.083919
1 0.574160 0.697858 0.052239 0.084621
1 0.479478 0.623596 0.015392 0.023876
1 0.785914 0.667662 0.076959 0.135885
1 0.483092 0.595857 0.043610 0.014045
1 0.431203 0.687851 0.368004 0.204354
1 0.570546 0.585147 0.057603 0.035463
1 0.629548 0.557058 0.024487 0.050913
1 0.741138 0.544768 0.035448 0.032654
1 0.556437 0.534235 0.026119 0.031250
1 0.396455 0.755969 0.650653 0.482444
1 0.291278 0.541959 0.097948 0.091643
1 0.381413 0.494206 0.043144 0.012289
1 0.141674 0.496664 0.019823 0.025632
1 0.265858 0.475772 0.010261 0.014045
1 0.446129 0.497367 0.052705 0.069874
1 0.235541 0.456461 0.009328 0.014747
1 0.217234 0.456987 0.018890 0.030548
1 0.566115 0.450140 0.062267 0.021770
1 0.354944 0.438378 0.016325 0.021419
1 0.107160 0.459972 0.037080 0.108146
1 0.095033 0.401685 0.006297 0.010534
1 0.081040 0.386587 0.014226 0.029494
1 0.807719 0.389572 0.043144 0.047402
1 0.473414 0.360955 0.010261 0.025281
1 0.510261 0.346032 0.005597 0.005969
1 0.188783 0.335323 0.015159 0.025983
1 0.206740 0.326369 0.002565 0.008778
1 0.217584 0.315660 0.002799 0.005618
1 0.474347 0.291608 0.031250 0.014396
1 0.529268 0.301264 0.035681 0.035112
1 0.529734 0.283708 0.006763 0.008427
1 0.610191 0.316889 0.047808 0.083919
1 0.246269 0.288624 0.034049 0.030899
1 0.147155 0.270014 0.010261 0.009831
1 0.515159 0.218574 0.032183 0.043890
1 0.466651 0.210147 0.041511 0.031952
1 0.450910 0.186271 0.013759 0.024228
1 0.762360 0.184867 0.024254 0.029143
1 0.521805 0.182935 0.030550 0.029494
1 0.482976 0.167310 0.035914 0.030548
1 0.433069 0.153441 0.020056 0.030197
1 0.381530 0.127985 0.009328 0.019312
1 0.395756 0.105864 0.035914 0.024930
1 0.420243 0.106039 0.015392 0.030899
1 0.446828 0.095154 0.027519 0.026685
1 0.261427 0.012992 0.022854 0.023876
1 0.649370 0.040906 0.055271 0.080407
1 0.563549 0.030899 0.042211 0.061096
1 0.490905 0.013167 0.046642 0.025632
2 0.432369 0.846735 0.005131 0.010183
2 0.454757 0.829003 0.004664 0.007725
2 0.581507 0.777914 0.007229 0.010183
2 0.280317 0.726124 0.007463 0.010534
2 0.367654 0.715063 0.003965 0.003862
2 0.256646 0.716117 0.007229 0.010885
2 0.311567 0.718048 0.007463 0.019663
2 0.285914 0.713132 0.010728 0.016854
2 0.356343 0.707514 0.002799 0.006320
2 0.347365 0.705934 0.003498 0.006671
2 0.263176 0.701545 0.003965 0.007022
2 0.450676 0.689958 0.003965 0.005618
2 0.371618 0.687500 0.005364 0.008427
2 0.364039 0.690309 0.005131 0.016854
2 0.443797 0.679775 0.006063 0.005618
2 0.307952 0.679600 0.005830 0.010885
2 0.367304 0.669066 0.005131 0.010885
2 0.350396 0.672051 0.012360 0.016854
2 0.360774 0.657128 0.006063 0.015098
2 0.456973 0.639572 0.006297 0.005267
2 0.208372 0.633076 0.003965 0.008427
2 0.221315 0.630969 0.008862 0.021067
2 0.503265 0.620260 0.011660 0.007374
2 0.256530 0.624122 0.006996 0.024930
2 0.524837 0.611657 0.004897 0.004213
2 0.218867 0.608497 0.012360 0.015449
2 0.241488 0.597437 0.011894 0.013694
2 0.230294 0.591468 0.006297 0.010885
2 0.190065 0.582163 0.006063 0.009831
2 0.251399 0.574965 0.005597 0.010183
2 0.458955 0.573034 0.004198 0.007725
2 0.215368 0.560042 0.003498 0.007725
2 0.222248 0.558638 0.004664 0.009831
2 0.417444 0.541959 0.002332 0.006671
2 0.424557 0.541257 0.006763 0.016503
2 0.401003 0.531952 0.002565 0.004916
2 0.256413 0.527388 0.002565 0.004213
2 0.232976 0.520716 0.003731 0.004916
2 0.222132 0.517732 0.010494 0.016503
2 0.248951 0.517205 0.017024 0.018258
2 0.228895 0.504213 0.001632 0.004213
2 0.242421 0.503336 0.003032 0.005267
2 0.271688 0.500176 0.002799 0.005267
2 0.247901 0.497367 0.003265 0.006671
2 0.185401 0.498947 0.006530 0.013343
2 0.291511 0.494382 0.006530 0.009129
2 0.213270 0.491749 0.003965 0.005969
2 0.220849 0.495962 0.006530 0.020716
2 0.174090 0.490169 0.004431 0.014045
2 0.225513 0.484726 0.002799 0.005267
2 0.204874 0.496840 0.018424 0.030899
2 0.241721 0.484726 0.005830 0.011587
2 0.232043 0.481215 0.004664 0.005267
2 0.258279 0.477704 0.003498 0.004565
2 0.204174 0.475070 0.002565 0.006320
2 0.190299 0.475597 0.003731 0.007374
2 0.386427 0.477177 0.012593 0.011236
2 0.183769 0.474895 0.005131 0.007374
2 0.394473 0.468223 0.007229 0.006671
2 0.178521 0.467170 0.003032 0.006671
2 0.246618 0.466292 0.003498 0.006320
2 0.238340 0.469101 0.010728 0.014747
2 0.251049 0.457865 0.003498 0.004916
2 0.102495 0.461728 0.011894 0.014045
2 0.347715 0.453476 0.005597 0.005969
2 0.419076 0.455934 0.005597 0.015098
2 0.258629 0.452247 0.009328 0.016152
2 0.271922 0.448736 0.006063 0.010534
2 0.124883 0.442942 0.002565 0.003862
2 0.265625 0.443118 0.003731 0.005618
2 0.284748 0.466468 0.029851 0.053020
2 0.203242 0.446629 0.008629 0.013343
2 0.225630 0.443820 0.007229 0.009129
2 0.432253 0.440485 0.002565 0.003862
2 0.368820 0.443820 0.007696 0.011236
2 0.439249 0.440133 0.005364 0.008778
2 0.145639 0.433989 0.003498 0.005618
2 0.447761 0.431004 0.001399 0.003160
2 0.170476 0.433989 0.004198 0.009129
2 0.236007 0.432760 0.004198 0.008778
2 0.454291 0.429600 0.001866 0.003862
2 0.439599 0.429951 0.003731 0.005969
2 0.191931 0.429424 0.003731 0.006320
2 0.147155 0.427493 0.002799 0.006671
2 0.208839 0.430829 0.005364 0.015449
2 0.435285 0.422928 0.002099 0.003160
2 0.320312 0.427844 0.007696 0.013694
2 0.348298 0.425035 0.006297 0.010885
2 0.215602 0.425737 0.005830 0.012992
2 0.421758 0.429775 0.015625 0.026685
2 0.160681 0.420822 0.006530 0.009480
2 0.181437 0.421173 0.010728 0.017205
2 0.279151 0.423631 0.039646 0.038272
2 0.195312 0.407479 0.003498 0.005969
2 0.143657 0.405723 0.001399 0.003160
2 0.306320 0.405548 0.003965 0.006320
2 0.186567 0.405197 0.002799 0.005618
2 0.316814 0.408883 0.008629 0.016503
2 0.554104 0.401334 0.010728 0.021067
2 0.507696 0.394312 0.006996 0.008427
2 0.159515 0.399052 0.009328 0.018610
2 0.515858 0.393258 0.006530 0.018258
2 0.179688 0.387816 0.009095 0.012289
2 0.133862 0.386412 0.005131 0.013694
2 0.365555 0.382725 0.004897 0.009831
2 0.328125 0.377985 0.003731 0.004565
2 0.614855 0.380442 0.008629 0.010183
2 0.340368 0.378862 0.005830 0.009129
2 0.312150 0.378160 0.011427 0.015449
2 0.305037 0.373771 0.003265 0.006671
2 0.427705 0.376756 0.006530 0.016152
2 0.524254 0.372015 0.006063 0.009480
2 0.178755 0.368504 0.002565 0.003862
2 0.172225 0.369031 0.004897 0.007022
2 0.147621 0.379916 0.016791 0.029494
2 0.188083 0.371138 0.009562 0.013343
2 0.489506 0.362184 0.002799 0.005267
2 0.510728 0.363764 0.005131 0.011236
2 0.600863 0.363237 0.007229 0.012289
2 0.153451 0.359375 0.003265 0.005267
2 0.534282 0.362886 0.007929 0.012992
2 0.340019 0.363237 0.008396 0.016503
2 0.591418 0.359551 0.004198 0.010534
2 0.110075 0.357619 0.004198 0.008076
2 0.188549 0.356742 0.005364 0.009831
2 0.170709 0.352704 0.004198 0.008076
2 0.178988 0.354284 0.010494 0.013343
2 0.285564 0.366573 0.024487 0.040730
2 0.494520 0.347612 0.005830 0.004213
2 0.346549 0.346910 0.003731 0.004916
2 0.334655 0.348841 0.005131 0.009480
2 0.144590 0.347963 0.003731 0.008427
2 0.157299 0.350772 0.006297 0.016854
2 0.273554 0.348490 0.008396 0.012992
2 0.130480 0.345506 0.003498 0.007022
2 0.500933 0.343926 0.003731 0.005969
2 0.406367 0.348139 0.006297 0.015801
2 0.355644 0.346208 0.007463 0.015449
2 0.174440 0.340765 0.002799 0.008778
2 0.271922 0.329178 0.003265 0.005969
2 0.501049 0.330934 0.008629 0.011587
2 0.278451 0.326545 0.002799 0.005618
2 0.446479 0.327423 0.010961 0.008076
2 0.318214 0.324263 0.003965 0.008778
2 0.142491 0.321980 0.002799 0.006320
2 0.131413 0.320576 0.005364 0.006320
2 0.163946 0.317767 0.004664 0.005618
2 0.296875 0.329881 0.016325 0.031250
2 0.566231 0.317767 0.003731 0.009831
2 0.409398 0.318294 0.007229 0.010885
2 0.326959 0.312324 0.005131 0.006671
2 0.135844 0.310744 0.005364 0.007725
2 0.644706 0.309867 0.006763 0.010885
2 0.191348 0.307058 0.003498 0.007374
2 0.493120 0.307584 0.012826 0.011236
2 0.335821 0.310393 0.007463 0.017556
2 0.278102 0.310744 0.010494 0.018961
2 0.156833 0.309340 0.010494 0.016152
2 0.280317 0.300562 0.002799 0.005618
2 0.184585 0.300386 0.004431 0.005267
2 0.287313 0.306355 0.008862 0.018610
2 0.164062 0.291081 0.005364 0.006320
2 0.293144 0.294417 0.006996 0.014396
2 0.110424 0.290204 0.004431 0.007374
2 0.283699 0.287570 0.010494 0.012640
2 0.634212 0.285639 0.006763 0.012289
2 0.418260 0.280548 0.004897 0.011938
2 0.626283 0.267205 0.008629 0.011236
2 0.643890 0.261938 0.004664 0.009129
2 0.364972 0.261763 0.006063 0.009480
2 0.184002 0.261938 0.009328 0.011236
2 0.216535 0.257900 0.004431 0.005267
2 0.342817 0.257725 0.003265 0.007725
2 0.323228 0.255618 0.003265 0.004213
2 0.349464 0.257198 0.003032 0.010183
2 0.431670 0.254213 0.004198 0.010534
2 0.198111 0.259129 0.018424 0.020365
2 0.121618 0.250878 0.003498 0.008076
2 0.388526 0.267381 0.020989 0.047402
2 0.413713 0.245787 0.005597 0.007725
2 0.196362 0.244558 0.003265 0.005267
2 0.229361 0.247718 0.010494 0.013694
2 0.331157 0.248069 0.009795 0.017907
2 0.214202 0.240520 0.007696 0.010534
2 0.236124 0.232795 0.003498 0.005618
2 0.351679 0.232795 0.003731 0.007725
2 0.631646 0.232971 0.010028 0.017907
2 0.196012 0.227528 0.003965 0.010534
2 0.342701 0.222963 0.001166 0.002809
2 0.335005 0.231215 0.012826 0.021419
2 0.404268 0.216117 0.003498 0.005267
2 0.415578 0.225070 0.010261 0.024579
2 0.385844 0.217346 0.011427 0.021770
2 0.345149 0.207690 0.003265 0.005969
2 0.440065 0.211903 0.006063 0.015098
2 0.239039 0.207338 0.005131 0.010183
2 0.369403 0.226826 0.030317 0.054775
2 0.432952 0.206461 0.004431 0.016854
2 0.399487 0.202072 0.004664 0.010183
2 0.299324 0.203476 0.007229 0.015098
2 0.324743 0.191713 0.003032 0.005618
2 0.345849 0.189080 0.002799 0.005267
2 0.340252 0.190660 0.004198 0.008427
2 0.330107 0.183111 0.009095 0.020014
2 0.574394 0.178371 0.010728 0.016854
2 0.211521 0.173104 0.003731 0.008427
2 0.336287 0.169242 0.006996 0.009831
2 0.330340 0.165379 0.003965 0.006320
2 0.642024 0.166608 0.008862 0.010885
2 0.279151 0.164501 0.006530 0.008778
2 0.621968 0.158708 0.005131 0.008427
2 0.499067 0.149052 0.016791 0.016503
2 0.349347 0.148350 0.004664 0.016503
2 0.457090 0.146945 0.011660 0.027037
2 0.595616 0.138167 0.006996 0.010183
2 0.467467 0.133603 0.009562 0.011587
2 0.327892 0.134480 0.012127 0.028090
2 0.536264 0.124122 0.007696 0.011587
2 0.503731 0.128160 0.010261 0.022472
2 0.503498 0.085499 0.005131 0.008076
2 0.359725 0.084445 0.009095 0.012992
2 0.489506 0.083041 0.012593 0.010885
2 0.551189 0.075492 0.005830 0.007022
2 0.355644 0.062676 0.014459 0.018610
2 0.330924 0.056004 0.004198 0.007374
2 0.372901 0.062500 0.011194 0.023174
2 0.538479 0.057233 0.009328 0.015449
2 0.590485 0.050035 0.005131 0.007374
2 0.582673 0.044417 0.007229 0.008778
2 0.365089 0.045471 0.006297 0.012992
2 0.457906 0.040379 0.010494 0.016854
2 0.374767 0.038448 0.008862 0.014396
2 0.350513 0.022296 0.003731 0.008076
2 0.431087 0.021243 0.013293 0.020716
3 0.601329 0.895014 0.024021 0.035815
3 0.551306 0.616924 0.041045 0.039326
3 0.791628 0.591819 0.028685 0.038975
3 0.173507 0.227353 0.018657 0.032654
3 0.160331 0.199789 0.011894 0.018258
3 0.191581 0.181706 0.023554 0.046699
3 0.164995 0.160112 0.021688 0.047753