0 0.343633 0.932409 0.005364 0.009480
0 0.585121 0.900456 0.003731 0.005969
0 0.749767 0.842697 0.002332 0.004213
0 0.739389 0.821805 0.003032 0.005267
0 0.282882 0.747718 0.003265 0.005267
0 0.556786 0.725597 0.007229 0.010885
0 0.550140 0.717346 0.004664 0.007022
0 0.737174 0.706461 0.004198 0.007725
0 0.414646 0.703301 0.002799 0.004916
0 0.430620 0.669066 0.004897 0.008076
0 0.725513 0.655548 0.005131 0.008427
0 0.221782 0.608673 0.004664 0.008076
0 0.356227 0.601124 0.004897 0.009129
0 0.471782 0.575140 0.003731 0.006320
0 0.493004 0.545822 0.003265 0.005267
0 0.307369 0.525808 0.006063 0.010183
0 0.528568 0.519838 0.004431 0.005969
0 0.387477 0.489817 0.005830 0.009129
0 0.325793 0.421173 0.005597 0.008076
0 0.308535 0.402037 0.004664 0.007022
0 0.557369 0.395892 0.004664 0.006671
0 0.165345 0.388167 0.004198 0.005969
0 0.466301 0.388694 0.005830 0.008427
0 0.433885 0.268785 0.003965 0.005969
0 0.441814 0.253511 0.003965 0.006320
0 0.498018 0.088483 0.004431 0.006320
0 0.241721 0.083041 0.005364 0.008778
0 0.589902 0.054951 0.006297 0.009480
0 0.381530 0.038097 0.004198 0.005969
1 0.395056 0.983497 0.104011 0.030197
1 0.433535 0.960323 0.023321 0.020365
1 0.438316 0.937851 0.022621 0.023174
1 0.378731 0.928020 0.022388 0.035815
1 0.276003 0.758427 0.010494 0.019663
1 0.262243 0.735955 0.012826 0.025983
1 0.366721 0.736482 0.025420 0.036868
1 0.559118 0.704881 0.011894 0.009480
1 0.776936 0.632725 0.011427 0.011938
1 0.820896 0.592697 0.074627 0.070225
1 0.752449 0.547577 0.015159 0.023525
1 0.259445 0.288097 0.009095 0.015801
1 0.229011 0.282830 0.012593 0.011587
1 0.305037 0.273876 0.029851 0.028090
1 0.810518 0.243504 0.013759 0.017907
1 0.798041 0.228055 0.012593 0.040379
1 0.263643 0.233497 0.081856 0.087079
1 0.261194 0.180302 0.015858 0.016503
1 0.329991 0.156426 0.019590 0.022823
1 0.747085 0.240695 0.075793 0.255969
1 0.245336 0.089185 0.005131 0.011938
1 0.632696 0.076018 0.002799 0.005969
1 0.595965 0.077774 0.011427 0.015801
1 0.226213 0.065309 0.013526 0.021067
1 0.393773 0.060393 0.012360 0.016152
1 0.611007 0.054249 0.011660 0.024930
1 0.610774 0.046173 0.006063 0.012992
1 0.294310 0.056004 0.058769 0.041081
1 0.613106 0.037921 0.008862 0.009129
1 0.572645 0.019663 0.015159 0.027388
1 0.615788 0.027037 0.069729 0.054073
2 0.127099 0.762992 0.001866 0.004213
2 0.133745 0.756496 0.002565 0.007374
2 0.141208 0.747893 0.001632 0.004213
2 0.145406 0.741924 0.002565 0.005618
2 0.362873 0.709094 0.007463 0.013694
2 0.363340 0.691187 0.005131 0.018610
2 0.227729 0.679073 0.003032 0.006320
2 0.222598 0.679424 0.004431 0.011236
2 0.231460 0.674157 0.004897 0.004916
2 0.130014 0.670295 0.002565 0.004213
2 0.239855 0.666608 0.002565 0.003160
2 0.244403 0.665906 0.003265 0.005969
2 0.234375 0.663799 0.007929 0.005267
2 0.119286 0.662044 0.002099 0.003862
2 0.231576 0.658708 0.002332 0.002809
2 0.129548 0.658532 0.003032 0.005267
2 0.246735 0.655021 0.001866 0.004565
2 0.097598 0.644663 0.001632 0.003511
2 0.221432 0.642205 0.003498 0.004916
2 0.119869 0.641327 0.001866 0.003862
2 0.086637 0.639572 0.003032 0.004565
2 0.092351 0.639045 0.005131 0.008427
2 0.802239 0.631671 0.005131 0.009129
2 0.108792 0.629038 0.002099 0.003862
2 0.090718 0.627282 0.002332 0.003160
2 0.788596 0.614291 0.006297 0.008778
2 0.096315 0.612008 0.001866 0.004916
2 0.140508 0.604459 0.003032 0.003160
2 0.514809 0.601475 0.003498 0.005618
2 0.791978 0.602177 0.004198 0.007725
2 0.133512 0.599719 0.002099 0.005618
2 0.109958 0.591292 0.002565 0.002809
2 0.123951 0.587254 0.003965 0.005969
2 0.791744 0.588308 0.003731 0.008778
2 0.506880 0.591468 0.006297 0.016503
2 0.569613 0.591819 0.004897 0.017907
2 0.796758 0.590765 0.004897 0.016503
2 0.563433 0.582163 0.006996 0.026685
2 0.547808 0.584972 0.021455 0.032303
2 0.527752 0.570049 0.003731 0.009480
2 0.521339 0.581285 0.019356 0.033357
2 0.505014 0.571454 0.012826 0.014396
2 0.576609 0.569698 0.005830 0.019312
2 0.569963 0.567591 0.006063 0.016503
2 0.537430 0.570576 0.015159 0.030197
2 0.496968 0.560393 0.005597 0.012640
2 0.473414 0.565309 0.037313 0.023174
2 0.450560 0.557584 0.006063 0.007725
2 0.589785 0.556531 0.005597 0.010534
2 0.560401 0.558989 0.009328 0.020365
2 0.761427 0.550913 0.003731 0.006320
2 0.578591 0.547753 0.021922 0.012640
2 0.470382 0.537395 0.004198 0.005969
2 0.484025 0.535990 0.014226 0.015801
2 0.492771 0.527037 0.005131 0.009129
2 0.500583 0.527739 0.005830 0.013343
2 0.461521 0.528090 0.020522 0.016152
2 0.547108 0.517907 0.002799 0.007022
2 0.441814 0.527563 0.014692 0.029143
2 0.465951 0.512640 0.025187 0.020365
2 0.456273 0.505442 0.003965 0.005969
2 0.571945 0.507549 0.007229 0.012992
2 0.375816 0.502107 0.008162 0.011938
2 0.485891 0.507374 0.017957 0.023174
2 0.586870 0.501404 0.011427 0.013343
2 0.375350 0.495084 0.003965 0.009129
2 0.396688 0.489642 0.004664 0.007374
2 0.391674 0.483497 0.005830 0.006320
2 0.427822 0.485955 0.006763 0.011938
2 0.530084 0.494382 0.025653 0.039326
2 0.375117 0.480688 0.008629 0.014045
2 0.384911 0.475597 0.004897 0.008076
2 0.562733 0.487535 0.038246 0.044593
2 0.444613 0.471559 0.015625 0.025983
2 0.551656 0.457163 0.003965 0.014747
2 0.555620 0.450492 0.003498 0.009129
2 0.572878 0.454178 0.005830 0.017205
2 0.430620 0.449789 0.005364 0.009831
2 0.450210 0.448560 0.003965 0.012289
2 0.456390 0.442942 0.002332 0.006671
2 0.465135 0.435393 0.003498 0.007022
2 0.567631 0.438553 0.008862 0.018961
2 0.442048 0.431531 0.007696 0.016152
2 0.483209 0.422928 0.006996 0.011587
2 0.454524 0.421173 0.009328 0.022121
2 0.475863 0.396770 0.005364 0.011938
2 0.220849 0.336728 0.006530 0.011236
2 0.219450 0.311622 0.005597 0.005969
2 0.266091 0.303371 0.008396 0.008427
2 0.237990 0.298104 0.002565 0.004916
2 0.207556 0.290906 0.003265 0.003862
2 0.219916 0.297928 0.011194 0.018610
2 0.202076 0.292662 0.005364 0.012992
2 0.218750 0.287395 0.002799 0.003862
2 0.197528 0.287395 0.001866 0.003862
2 0.239855 0.289326 0.006763 0.010534
2 0.225163 0.278968 0.002099 0.003160
2 0.204641 0.277388 0.001632 0.003511
2 0.218750 0.277212 0.003265 0.005267
2 0.208372 0.280372 0.006297 0.013694
2 0.214319 0.262640 0.004664 0.007022
2 0.202542 0.260358 0.002099 0.004565
2 0.221549 0.259480 0.001866 0.003511
2 0.221199 0.253862 0.001632 0.004916
2 0.215718 0.253511 0.003265 0.004916
2 0.223298 0.238588 0.003032 0.005267
2 0.641908 0.065836 0.001632 0.003862
2 0.619403 0.065836 0.001866 0.003862
2 0.637477 0.061798 0.003032 0.006320
2 0.645056 0.056355 0.006063 0.011587
2 0.652868 0.051088 0.002099 0.003862
2 0.666161 0.043539 0.003498 0.004213
2 0.647971 0.041959 0.009095 0.012289
2 0.664529 0.033357 0.002099 0.004213
2 0.655550 0.033006 0.002332 0.004213
2 0.647271 0.029143 0.005364 0.009129
2 0.653335 0.027212 0.002565 0.006671
3 0.444496 0.988940 0.020056 0.017907
3 0.182486 0.910815 0.021688 0.041433
3 0.270639 0.870435 0.034282 0.068820
3 0.765159 0.252809 0.044776 0.108146
3 0.255714 0.183813 0.054338 0.106390
3 0.560401 0.024754 0.031716 0.048806