0 0.224813 0.911868 0.005597 0.010534
0 0.703591 0.828301 0.004198 0.007022
0 0.238340 0.698385 0.005597 0.008427
0 0.801656 0.687324 0.001632 0.003160
0 0.812617 0.680478 0.002565 0.004213
0 0.801306 0.673104 0.004664 0.007725
0 0.401119 0.542662 0.004198 0.007374
0 0.416511 0.538624 0.003731 0.005618
0 0.410914 0.522472 0.003731 0.006320
0 0.364739 0.494206 0.003731 0.005267
0 0.746968 0.443820 0.007929 0.011236
0 0.493587 0.305302 0.004431 0.006671
0 0.178521 0.287921 0.003032 0.004213
0 0.318680 0.060218 0.005364 0.005969
1 0.573461 0.908883 0.010728 0.007374
1 0.607160 0.927317 0.024487 0.044944
1 0.638643 0.923455 0.023554 0.052669
1 0.209188 0.875878 0.014925 0.028441
1 0.315415 0.758251 0.015159 0.015098
1 0.559818 0.798455 0.051539 0.100421
1 0.607393 0.753511 0.034282 0.035112
1 0.336171 0.230162 0.019356 0.021419
1 0.292211 0.166257 0.008862 0.003862
1 0.737523 0.171699 0.012360 0.030197
1 0.291395 0.157128 0.008629 0.006671
1 0.587220 0.163448 0.019590 0.022823
1 0.265508 0.161166 0.026353 0.025281
1 0.260494 0.140098 0.022854 0.015449
1 0.292094 0.139221 0.017024 0.022823
1 0.252915 0.078827 0.009095 0.008076
1 0.514226 0.066538 0.017724 0.038975
1 0.610658 0.064431 0.035681 0.073385
1 0.514342 0.028265 0.011427 0.020014
2 0.538713 0.993329 0.001866 0.002809
2 0.475630 0.993153 0.002099 0.003160
2 0.531133 0.989993 0.003498 0.003160
2 0.536497 0.990169 0.003965 0.004213
2 0.510378 0.990169 0.002099 0.004213
2 0.467701 0.987360 0.003965 0.005618
2 0.530434 0.980513 0.005830 0.005969
2 0.538246 0.978230 0.001866 0.003511
2 0.441698 0.978406 0.004198 0.005267
2 0.485191 0.978055 0.003498 0.005267
2 0.534515 0.977001 0.001866 0.003862
2 0.531133 0.975421 0.003032 0.004213
2 0.481810 0.970857 0.003265 0.006320
2 0.524837 0.968399 0.003498 0.004213
2 0.492421 0.967872 0.002099 0.003160
2 0.522621 0.963308 0.002799 0.004565
2 0.513876 0.964361 0.002565 0.008778
2 0.519590 0.953652 0.001866 0.003511
2 0.531133 0.942942 0.005830 0.004565
2 0.533932 0.936973 0.002099 0.003862
2 0.234608 0.872191 0.002799 0.007725
2 0.167794 0.832338 0.005364 0.008778
2 0.789646 0.823736 0.007463 0.013343
2 0.766908 0.750527 0.003965 0.007374
2 0.749184 0.748069 0.003032 0.005267
2 0.755947 0.748420 0.004897 0.008076
2 0.796525 0.706636 0.008629 0.020014
2 0.837453 0.683638 0.003265 0.006320
2 0.773554 0.666784 0.002332 0.004916
2 0.824044 0.665906 0.003965 0.008076
2 0.816931 0.663799 0.002332 0.004565
2 0.742421 0.664150 0.005830 0.009480
2 0.795709 0.659937 0.006530 0.005267
2 0.819146 0.655372 0.006763 0.007374
2 0.843633 0.651861 0.001632 0.002458
2 0.702192 0.650281 0.007929 0.004916
2 0.844333 0.646243 0.001632 0.002458
2 0.367304 0.643610 0.002332 0.004916
2 0.793843 0.643785 0.006063 0.007374
2 0.262360 0.641503 0.002332 0.006320
2 0.761427 0.638167 0.005131 0.005969
2 0.371269 0.623947 0.002332 0.007725
2 0.695896 0.623947 0.007463 0.010534
2 0.774254 0.617451 0.003731 0.005267
2 0.170359 0.612360 0.003498 0.004213
2 0.178288 0.609902 0.002565 0.007022
2 0.195196 0.605162 0.002332 0.003862
2 0.283699 0.607093 0.008162 0.011938
2 0.371618 0.604108 0.005364 0.008076
2 0.292444 0.606917 0.007929 0.015098
2 0.199394 0.599544 0.001866 0.005969
2 0.187034 0.599544 0.002799 0.005969
2 0.190998 0.597086 0.003265 0.004565
2 0.202659 0.597261 0.002332 0.007022
2 0.294893 0.594803 0.002099 0.005618
2 0.199277 0.592872 0.002565 0.004565
2 0.707206 0.579354 0.003498 0.004916
2 0.307836 0.579178 0.003731 0.005969
2 0.190299 0.579705 0.006063 0.008427
2 0.316115 0.572331 0.002565 0.004916
2 0.210704 0.572858 0.003498 0.005969
2 0.154384 0.571103 0.002799 0.007374
2 0.711171 0.561973 0.003965 0.003862
2 0.312617 0.530372 0.003965 0.004565
3 0.598064 0.976826 0.025420 0.046348
3 0.488689 0.924684 0.016558 0.024930
3 0.577659 0.947331 0.048041 0.081461
3 0.716651 0.331285 0.031716 0.079003
3 0.451259 0.064782 0.020522 0.044593