0 0.762710 0.758251 0.005830 0.009480
0 0.462337 0.689782 0.005830 0.008778
0 0.749184 0.663624 0.003032 0.004916
0 0.723647 0.662219 0.003265 0.005618
0 0.402285 0.656250 0.004664 0.006320
0 0.686800 0.644663 0.002799 0.004213
0 0.721665 0.618153 0.004431 0.005969
0 0.706856 0.613764 0.002799 0.004213
0 0.632229 0.591643 0.002332 0.003511
0 0.638993 0.577949 0.003265 0.004213
0 0.629781 0.567591 0.007229 0.010183
0 0.718050 0.564080 0.003731 0.004565
0 0.739156 0.557935 0.002565 0.003511
0 0.716535 0.477001 0.003965 0.005969
0 0.321362 0.463834 0.003265 0.005618
0 0.797924 0.455232 0.003032 0.004565
0 0.782533 0.423104 0.002565 0.004213
0 0.426656 0.403265 0.004897 0.006671
0 0.441465 0.396770 0.002799 0.004916
0 0.618470 0.394838 0.002332 0.003160
0 0.585121 0.378687 0.003731 0.006671
0 0.607393 0.272999 0.004431 0.008076
0 0.637010 0.251229 0.003032 0.003862
0 0.589902 0.243680 0.001632 0.002107
0 0.580807 0.230162 0.003032 0.004565
0 0.565882 0.175737 0.005830 0.008076
0 0.362757 0.017381 0.005364 0.008076
1 0.349464 0.935744 0.011894 0.008427
1 0.157999 0.716117 0.030550 0.064256
1 0.722831 0.634305 0.009562 0.013694
1 0.532766 0.621664 0.013293 0.013694
1 0.394939 0.423631 0.008162 0.004565
1 0.431087 0.392029 0.010028 0.010885
1 0.468167 0.323034 0.004897 0.008427
1 0.581740 0.315485 0.027285 0.036868
1 0.324394 0.030197 0.066231 0.060393
2 0.721432 0.685920 0.003498 0.005267
2 0.494053 0.672402 0.003965 0.005618
2 0.709888 0.646945 0.002799 0.004565
2 0.546292 0.505794 0.008629 0.021419
2 0.505830 0.494909 0.001866 0.003160
2 0.491138 0.483497 0.012593 0.014747
2 0.532066 0.474719 0.002565 0.004916
2 0.505714 0.482093 0.015159 0.029494
2 0.624534 0.461025 0.002332 0.003511
2 0.527985 0.460674 0.001866 0.004213
2 0.604594 0.453827 0.002565 0.005969
2 0.493237 0.459972 0.007929 0.018258
2 0.531483 0.448912 0.001866 0.003160
2 0.445196 0.449965 0.002799 0.005267
2 0.498368 0.447683 0.004198 0.004916
2 0.483909 0.446629 0.003265 0.004213
2 0.467118 0.453301 0.010261 0.017556
2 0.432136 0.442416 0.003731 0.003511
2 0.452775 0.445225 0.008629 0.010534
2 0.460588 0.439782 0.005131 0.009480
2 0.471199 0.439607 0.006763 0.010534
2 0.439715 0.435218 0.005364 0.008076
2 0.424324 0.437149 0.009095 0.014747
2 0.503848 0.425737 0.002099 0.003160
2 0.531950 0.425562 0.002332 0.004213
2 0.481576 0.428722 0.011660 0.021770
2 0.505947 0.415555 0.004897 0.005969
2 0.490905 0.424333 0.013060 0.023525
2 0.413246 0.420295 0.014925 0.020365
2 0.471432 0.414501 0.007229 0.010183
2 0.482626 0.407479 0.002565 0.003160
2 0.404035 0.402388 0.007696 0.010534
2 0.398321 0.393083 0.002332 0.003160
2 0.489389 0.389747 0.002565 0.003511
2 0.454524 0.380091 0.003265 0.007374
2 0.401236 0.363588 0.008629 0.004565
2 0.493237 0.340414 0.004198 0.006671
2 0.404967 0.337605 0.002565 0.003862
2 0.531483 0.335674 0.003265 0.004916
2 0.473764 0.334445 0.002565 0.005267
2 0.481810 0.344628 0.013526 0.029143
2 0.394590 0.330758 0.006530 0.004916
2 0.488923 0.325140 0.003965 0.008427
2 0.396455 0.320751 0.002332 0.003160
2 0.479011 0.316889 0.002799 0.004565
2 0.443797 0.314607 0.006530 0.007022
2 0.491838 0.307935 0.001866 0.002809
2 0.482859 0.305478 0.003032 0.003511
2 0.417910 0.305126 0.001866 0.003511
2 0.412663 0.301615 0.002099 0.003511
2 0.478078 0.301440 0.003265 0.003862
2 0.487523 0.300035 0.002565 0.004565
2 0.471199 0.299333 0.002565 0.004565
2 0.482043 0.294242 0.005131 0.004916
2 0.647271 0.266503 0.002565 0.004916
2 0.572994 0.195576 0.002332 0.004916
2 0.572062 0.183813 0.002332 0.003160
2 0.575443 0.177142 0.002099 0.003862
2 0.352262 0.026159 0.004431 0.006671