0 0.389576 0.978757 0.006297 0.009480
0 0.246968 0.885885 0.004198 0.006320
0 0.204757 0.883778 0.005597 0.007725
0 0.247901 0.875527 0.004198 0.005267
0 0.159981 0.843926 0.003265 0.004565
0 0.159165 0.836903 0.005364 0.006671
0 0.262360 0.830056 0.002332 0.003511
0 0.270406 0.829881 0.005364 0.008778
0 0.214319 0.806004 0.003265 0.005969
0 0.317864 0.803371 0.007463 0.009831
0 0.243237 0.798279 0.002332 0.003862
0 0.594216 0.775281 0.002799 0.004213
0 0.518424 0.777037 0.005597 0.008427
0 0.163130 0.765801 0.002099 0.004213
0 0.351562 0.739993 0.002565 0.003862
0 0.170126 0.733848 0.003498 0.004916
0 0.175140 0.731390 0.001866 0.003511
0 0.174207 0.706285 0.001866 0.003160
0 0.367537 0.705407 0.004664 0.009831
0 0.287430 0.694874 0.002099 0.002809
0 0.485658 0.690836 0.004897 0.007374
0 0.494520 0.687851 0.004431 0.006320
0 0.329757 0.577072 0.006530 0.009480
0 0.199394 0.555478 0.005597 0.008427
0 0.410331 0.511938 0.006763 0.010534
0 0.512360 0.496664 0.005131 0.008076
0 0.459305 0.472788 0.004431 0.006671
0 0.394007 0.460850 0.003498 0.005267
0 0.768307 0.375878 0.003032 0.004565
0 0.350630 0.349192 0.005364 0.008076
0 0.790812 0.287921 0.003731 0.005618
0 0.225979 0.283708 0.006063 0.009129
0 0.199044 0.277212 0.004431 0.006671
0 0.205107 0.271945 0.003498 0.005267
0 0.382463 0.252633 0.003731 0.005969
0 0.191581 0.227353 0.002565 0.003862
0 0.201376 0.206812 0.002565 0.004213
0 0.347715 0.189256 0.002799 0.004916
0 0.327192 0.175035 0.006063 0.010183
0 0.258046 0.168890 0.004431 0.007022
0 0.454408 0.119382 0.002565 0.003511
0 0.718633 0.105513 0.004431 0.006671
0 0.322994 0.055478 0.002799 0.004916
0 0.475163 0.051615 0.003498 0.004916
1 0.426539 0.962781 0.057369 0.049860
1 0.251399 0.941713 0.004198 0.012640
1 0.633046 0.933462 0.009095 0.012992
1 0.472598 0.921699 0.011894 0.020365
1 0.538829 0.885007 0.017024 0.017907
1 0.618120 0.876229 0.033815 0.041081
1 0.518424 0.819698 0.025187 0.025632
1 0.654035 0.798631 0.016091 0.023525
1 0.607393 0.797226 0.019823 0.030548
1 0.445662 0.775808 0.055504 0.057935
1 0.423274 0.739993 0.007463 0.009480
1 0.151586 0.726475 0.012127 0.021770
1 0.729128 0.692240 0.005364 0.023525
1 0.120103 0.690485 0.012593 0.024228
1 0.137826 0.670822 0.008862 0.019312
1 0.226213 0.697156 0.038246 0.077598
1 0.203825 0.655021 0.007929 0.008778
1 0.110541 0.723666 0.058769 0.167837
1 0.268890 0.626580 0.009795 0.020716
1 0.162313 0.656426 0.036847 0.088834
1 0.435168 0.609902 0.019123 0.021770
1 0.200793 0.609375 0.023321 0.039677
1 0.183535 0.596735 0.006063 0.016503
1 0.525536 0.560920 0.029618 0.030548
1 0.806437 0.536868 0.096549 0.160112
1 0.771339 0.466643 0.059468 0.057584
1 0.821712 0.399228 0.028218 0.065309
1 0.817747 0.339010 0.052472 0.044593
1 0.297341 0.312149 0.036381 0.043539
1 0.205107 0.295471 0.008162 0.023525
1 0.182369 0.264221 0.011660 0.024930
1 0.233792 0.244382 0.018424 0.028090
1 0.264925 0.252282 0.023321 0.052317
1 0.204874 0.235428 0.015625 0.040379
1 0.714552 0.215941 0.024254 0.025281
1 0.364855 0.213483 0.012360 0.021067
1 0.314832 0.211552 0.043377 0.055829
1 0.241954 0.196805 0.058069 0.066362
1 0.283349 0.161692 0.025653 0.038975
1 0.607859 0.129565 0.028218 0.035815
1 0.568214 0.060218 0.023554 0.020716
1 0.587337 0.039677 0.015159 0.024579
1 0.560751 0.024754 0.024953 0.028441
2 0.339086 0.956285 0.004198 0.007374
2 0.610424 0.948912 0.001166 0.001756
2 0.183769 0.869558 0.006530 0.010183
2 0.354361 0.831110 0.003032 0.004213
2 0.477029 0.827247 0.003965 0.014747
2 0.342001 0.808462 0.004897 0.011587
2 0.342118 0.797226 0.002799 0.003862
2 0.498018 0.793715 0.003498 0.005969
2 0.363806 0.792135 0.008862 0.011938
2 0.748018 0.780723 0.011894 0.015801
2 0.775420 0.767381 0.004664 0.006671
2 0.498484 0.742451 0.004897 0.008778
2 0.760028 0.737535 0.002799 0.004565
2 0.392957 0.735955 0.002332 0.004916
2 0.467701 0.734551 0.004431 0.005618
2 0.496735 0.730337 0.003731 0.005618
2 0.426889 0.698209 0.002099 0.003160
2 0.452425 0.698209 0.003265 0.011587
2 0.731693 0.691538 0.002565 0.006671
2 0.750583 0.688378 0.003032 0.003862
2 0.749883 0.681882 0.001632 0.002809
2 0.281250 0.682058 0.002799 0.007374
2 0.761660 0.683462 0.005597 0.015098
2 0.752332 0.652914 0.003731 0.006671
2 0.737640 0.630794 0.006996 0.005969
2 0.379198 0.612535 0.002799 0.005969
2 0.316814 0.553897 0.003498 0.005969
2 0.302006 0.552844 0.003265 0.005267
2 0.334188 0.544944 0.004198 0.007725
2 0.758162 0.532303 0.009328 0.013343
2 0.337104 0.514747 0.002099 0.006320
2 0.381413 0.502282 0.002565 0.006671
2 0.750000 0.499824 0.009328 0.014396
2 0.137826 0.463834 0.002332 0.005618
2 0.351213 0.403441 0.002332 0.005618
2 0.350746 0.384656 0.002332 0.007374
2 0.360658 0.380442 0.003032 0.004565
2 0.381646 0.359551 0.004431 0.016152
2 0.352845 0.269663 0.003265 0.007725
2 0.708839 0.188027 0.015625 0.015801
2 0.311334 0.176088 0.002332 0.003862
2 0.695896 0.167486 0.013526 0.023876
2 0.722831 0.143083 0.033349 0.046699
2 0.705924 0.118329 0.006530 0.014045
2 0.705690 0.105337 0.005597 0.010534
2 0.724697 0.094979 0.009562 0.010183
2 0.730294 0.088659 0.004431 0.003862
2 0.729827 0.079178 0.005830 0.008778
2 0.703475 0.075492 0.005364 0.014747
2 0.719916 0.061271 0.008396 0.008076
2 0.680737 0.057935 0.005131 0.008427
2 0.680271 0.048982 0.006063 0.007374