0 0.511311 0.910990 0.007229 0.010885
0 0.513526 0.884305 0.005131 0.008778
0 0.465135 0.875351 0.007229 0.011236
0 0.502915 0.860604 0.006763 0.009831
0 0.620919 0.804600 0.003498 0.005267
0 0.443563 0.766678 0.005597 0.008076
0 0.535914 0.753336 0.004198 0.005969
0 0.736824 0.727528 0.005830 0.009129
0 0.648554 0.726826 0.006063 0.008427
0 0.715718 0.721559 0.006063 0.008427
0 0.497551 0.719101 0.003965 0.006320
0 0.723647 0.697331 0.005597 0.007725
0 0.637127 0.687500 0.007463 0.009831
0 0.746735 0.678546 0.002332 0.003160
0 0.147505 0.680302 0.004431 0.007374
0 0.447878 0.674684 0.004897 0.008076
0 0.795709 0.661166 0.005597 0.007725
0 0.495452 0.658708 0.003965 0.005618
0 0.639459 0.657479 0.006530 0.010183
0 0.666861 0.559691 0.006297 0.011236
0 0.307020 0.526861 0.004897 0.008076
0 0.098881 0.481039 0.007463 0.011938
0 0.513060 0.476299 0.005131 0.007374
0 0.165578 0.463834 0.003731 0.005618
0 0.133745 0.457163 0.002565 0.004213
0 0.518074 0.446805 0.004431 0.007374
0 0.688549 0.442942 0.003965 0.005969
0 0.672808 0.434691 0.003265 0.004213
0 0.703825 0.423279 0.006530 0.008778
0 0.407649 0.415730 0.004198 0.006320
0 0.426073 0.402388 0.002799 0.004213
0 0.666861 0.390449 0.005830 0.007022
0 0.148671 0.385183 0.005364 0.007725
0 0.670359 0.357444 0.003965 0.004916
0 0.442397 0.350070 0.003731 0.004916
0 0.575443 0.345857 0.004897 0.007022
0 0.763060 0.341117 0.002799 0.005267
0 0.432020 0.333919 0.004431 0.006320
0 0.485191 0.321980 0.003965 0.007022
0 0.508745 0.315660 0.009562 0.013343
0 0.390159 0.299333 0.004198 0.006671
0 0.567514 0.298806 0.004897 0.007022
0 0.416978 0.297051 0.003731 0.006320
0 0.564599 0.269663 0.003731 0.005618
0 0.555854 0.251580 0.002099 0.003160
0 0.571712 0.245084 0.005830 0.007725
0 0.484258 0.198736 0.003498 0.005618
0 0.584655 0.184340 0.004198 0.006320
0 0.438083 0.180829 0.005830 0.007725
0 0.225396 0.163799 0.002565 0.004565
0 0.177239 0.160288 0.003265 0.004565
0 0.585005 0.156426 0.002565 0.003862
0 0.404151 0.156250 0.002799 0.004213
0 0.407533 0.152739 0.002099 0.002809
0 0.305387 0.150983 0.005364 0.007022
0 0.577425 0.147823 0.002332 0.003511
0 0.196595 0.147296 0.003265 0.004565
0 0.574860 0.144663 0.001866 0.003511
0 0.565415 0.145541 0.003965 0.005969
0 0.164179 0.139747 0.004664 0.006320
0 0.527052 0.126229 0.004198 0.005969
0 0.596082 0.115695 0.002799 0.003862
0 0.358909 0.110604 0.003265 0.004916
0 0.460238 0.111131 0.004897 0.008076
0 0.446595 0.107971 0.005597 0.009480
0 0.312267 0.066713 0.007463 0.012640
0 0.302938 0.023876 0.003731 0.007022
1 0.586637 0.952598 0.019823 0.018961
1 0.586754 0.906074 0.022388 0.037570
1 0.521339 0.803020 0.014226 0.015449
1 0.598298 0.814256 0.035681 0.040730
1 0.531950 0.781250 0.029384 0.033006
1 0.488340 0.773350 0.011194 0.028441
1 0.364389 0.733497 0.021688 0.018961
1 0.580690 0.733322 0.019123 0.025632
1 0.467351 0.721208 0.013060 0.028792
1 0.704991 0.708567 0.013526 0.024579
1 0.491838 0.701545 0.009795 0.018961
1 0.402868 0.728055 0.053871 0.076194
1 0.613106 0.695751 0.034981 0.047402
1 0.237873 0.664501 0.010728 0.019312
1 0.576026 0.666959 0.024720 0.027037
1 0.712453 0.672753 0.017724 0.042837
1 0.656716 0.645541 0.012127 0.009480
1 0.770056 0.666784 0.032649 0.052669
1 0.690765 0.666257 0.033116 0.055829
1 0.781716 0.616046 0.017257 0.033357
1 0.710005 0.604810 0.014692 0.016503
1 0.605527 0.593750 0.015159 0.025281
1 0.325676 0.610077 0.084188 0.133778
1 0.711054 0.472612 0.011660 0.024579
1 0.654268 0.461903 0.014692 0.015098
1 0.664879 0.424333 0.007929 0.007374
1 0.652169 0.423982 0.033349 0.053020
1 0.365672 0.401685 0.015392 0.015449
1 0.694963 0.395014 0.029384 0.045646
1 0.648088 0.364993 0.009795 0.017907
1 0.704757 0.365169 0.020056 0.019663
1 0.447994 0.363237 0.013060 0.015801
1 0.416278 0.349368 0.009795 0.012640
1 0.442747 0.330407 0.013759 0.018258
1 0.644939 0.317240 0.013759 0.021419
1 0.524487 0.321103 0.012593 0.029143
1 0.402868 0.301966 0.016091 0.019663
1 0.454291 0.280723 0.014459 0.027739
1 0.360424 0.262640 0.006297 0.011938
1 0.674207 0.273876 0.031716 0.047753
1 0.513410 0.274228 0.080924 0.060393
1 0.680387 0.236131 0.009562 0.016503
1 0.590835 0.219628 0.024487 0.019312
1 0.448927 0.237535 0.072295 0.062149
1 0.534282 0.207338 0.019590 0.025632
1 0.427239 0.183989 0.011660 0.020365
1 0.180737 0.182760 0.019123 0.023525
1 0.195662 0.174860 0.009795 0.009831
1 0.406367 0.170997 0.018424 0.021067
1 0.699860 0.148701 0.029851 0.024930
1 0.706157 0.126053 0.024720 0.020365
1 0.563899 0.120260 0.014459 0.009480
1 0.742771 0.121138 0.026586 0.031601
1 0.546409 0.046875 0.041511 0.055126
2 0.270289 0.940133 0.004198 0.005969
2 0.433069 0.891327 0.003265 0.005267
2 0.449277 0.813553 0.007696 0.009129
2 0.460354 0.812851 0.011194 0.011236
2 0.455224 0.803897 0.003731 0.007374
2 0.460821 0.801088 0.003731 0.008076
2 0.704641 0.785288 0.001632 0.003160
2 0.742304 0.781952 0.003731 0.002809
2 0.564949 0.693645 0.004897 0.006671
2 0.467234 0.673279 0.004897 0.009480
2 0.443797 0.658357 0.010261 0.007022
2 0.437034 0.648701 0.008396 0.013694
2 0.462687 0.643610 0.013993 0.014747
2 0.085005 0.634129 0.005364 0.005618
2 0.449044 0.634129 0.007696 0.013343
2 0.427006 0.632198 0.012593 0.011587
2 0.460938 0.627282 0.004897 0.008076
2 0.438549 0.629916 0.008629 0.015449
2 0.496269 0.622191 0.004198 0.003511
2 0.664179 0.621313 0.004198 0.005267
2 0.650303 0.617275 0.003965 0.003511
2 0.657533 0.616046 0.002565 0.004565
2 0.412547 0.612184 0.004198 0.006671
2 0.666978 0.606742 0.005597 0.006320
2 0.424090 0.608848 0.010494 0.013343
2 0.659981 0.602879 0.003265 0.002809
2 0.667444 0.601299 0.000933 0.002458
2 0.435401 0.605688 0.009795 0.013343
2 0.463153 0.600421 0.002332 0.004213
2 0.641325 0.602353 0.011660 0.014396
2 0.413363 0.596208 0.002099 0.004213
2 0.423857 0.594628 0.014692 0.012992
2 0.630947 0.589712 0.007229 0.007374
2 0.436800 0.590063 0.009795 0.011587
2 0.474114 0.605162 0.066698 0.044593
2 0.393074 0.586552 0.013293 0.008076
2 0.654268 0.582690 0.003498 0.003160
2 0.626866 0.582514 0.004198 0.006320
2 0.510844 0.579705 0.002565 0.003511
2 0.458722 0.586728 0.032183 0.022472
2 0.634328 0.574614 0.002799 0.003862
2 0.448228 0.574438 0.003265 0.004213
2 0.545243 0.571278 0.001866 0.002809
2 0.622551 0.570927 0.002565 0.003511
2 0.143657 0.571278 0.002799 0.005618
2 0.585938 0.569347 0.004431 0.003160
2 0.610191 0.568645 0.002565 0.003862
2 0.517840 0.592346 0.041278 0.053371
2 0.618354 0.565836 0.002099 0.003160
2 0.640275 0.567591 0.004897 0.007374
2 0.582090 0.560393 0.002799 0.002809
2 0.578708 0.562851 0.004431 0.009831
2 0.504081 0.564782 0.016091 0.020716
2 0.493237 0.550386 0.004664 0.004565
2 0.578708 0.548982 0.004431 0.004565
2 0.615672 0.554951 0.007929 0.018610
2 0.590252 0.552493 0.014925 0.017205
2 0.537430 0.542135 0.004897 0.004916
2 0.467584 0.540730 0.001866 0.002809
2 0.605993 0.544768 0.012826 0.016503
2 0.461637 0.538097 0.002565 0.003160
2 0.616488 0.541433 0.010028 0.010534
2 0.555154 0.536166 0.006297 0.011938
2 0.489972 0.529846 0.005131 0.008427
2 0.649720 0.524228 0.003265 0.004916
2 0.585821 0.528792 0.010261 0.014747
2 0.487757 0.522472 0.003965 0.004916
2 0.498368 0.522472 0.003265 0.005618
2 0.613573 0.520716 0.002332 0.003511
2 0.598181 0.521770 0.009795 0.010534
2 0.513876 0.535990 0.021222 0.040379
2 0.571828 0.527739 0.016325 0.027388
2 0.502682 0.515274 0.002565 0.002458
2 0.487407 0.515625 0.005597 0.004565
2 0.522388 0.515449 0.004198 0.006320
2 0.678638 0.514396 0.003731 0.004916
2 0.652402 0.512816 0.002099 0.003160
2 0.513643 0.511763 0.003498 0.005267
2 0.555271 0.511412 0.006996 0.006671
2 0.685634 0.509305 0.006063 0.009480
2 0.498717 0.504565 0.003498 0.004916
2 0.502332 0.502633 0.003731 0.005969
2 0.537780 0.508427 0.013526 0.018258
2 0.695312 0.505267 0.009095 0.016152
2 0.494403 0.498596 0.001866 0.003511
2 0.621385 0.503862 0.012360 0.018961
2 0.701493 0.494909 0.005131 0.003862
2 0.662663 0.495787 0.003965 0.005618
2 0.438083 0.496840 0.007229 0.009129
2 0.674907 0.499824 0.009795 0.015801
2 0.438899 0.543890 0.117071 0.103933
2 0.547225 0.491397 0.002565 0.003160
2 0.639459 0.510885 0.036381 0.044242
2 0.447178 0.490169 0.002099 0.002809
2 0.453475 0.489993 0.002565 0.003160
2 0.529734 0.488062 0.008162 0.009831
2 0.461287 0.486131 0.006063 0.005969
2 0.448577 0.484726 0.003965 0.005267
2 0.576726 0.485779 0.004198 0.009480
2 0.599697 0.481039 0.003032 0.003511
2 0.553638 0.480337 0.004198 0.004213
2 0.526236 0.480337 0.003032 0.004916
2 0.607160 0.496313 0.020289 0.038272
2 0.472015 0.479986 0.005131 0.007022
2 0.636544 0.481566 0.013293 0.013694
2 0.624767 0.482619 0.009328 0.016503
2 0.530784 0.472788 0.002799 0.004565
2 0.460238 0.472612 0.002565 0.004213
2 0.681203 0.479635 0.011194 0.020365
2 0.724930 0.471032 0.005830 0.004565
2 0.694030 0.471383 0.004198 0.005267
2 0.621852 0.471910 0.005364 0.007022
2 0.525187 0.469101 0.005597 0.006320
2 0.633979 0.468223 0.004431 0.005267
2 0.696712 0.465239 0.002099 0.002809
2 0.729244 0.464361 0.004664 0.003160
2 0.546409 0.471559 0.009795 0.023174
2 0.465485 0.465941 0.005597 0.015449
2 0.508862 0.459621 0.002799 0.004213
2 0.535448 0.463834 0.012593 0.016152
2 0.527868 0.455232 0.002565 0.003862
2 0.485308 0.456461 0.004198 0.007022
2 0.588619 0.486306 0.017257 0.068118
2 0.544660 0.454178 0.003965 0.003862
2 0.634212 0.455583 0.009095 0.008778
2 0.455457 0.458567 0.011194 0.014747
2 0.558419 0.463132 0.017024 0.027388
2 0.547924 0.450843 0.003498 0.004916
2 0.489972 0.448209 0.002332 0.002458
2 0.525770 0.443996 0.003498 0.005267
2 0.461870 0.442416 0.002099 0.003511
2 0.484841 0.442416 0.004664 0.004213
2 0.507463 0.442240 0.003265 0.005969
2 0.541861 0.440660 0.003032 0.004213
2 0.534165 0.444171 0.004431 0.015449
2 0.612174 0.455407 0.026119 0.040028
2 0.480877 0.464185 0.035448 0.063904
2 0.579174 0.451721 0.020289 0.041784
2 0.451376 0.433989 0.007229 0.009831
2 0.505830 0.429775 0.003265 0.008427
2 0.576609 0.427317 0.003965 0.004213
2 0.596665 0.422928 0.003498 0.005267
2 0.517840 0.420646 0.002099 0.002107
2 0.470732 0.420646 0.002565 0.002809
2 0.383512 0.419944 0.002565 0.004916
2 0.605760 0.436973 0.026819 0.039677
2 0.603661 0.419944 0.006297 0.008427
2 0.581856 0.422753 0.007463 0.014045
2 0.513759 0.415906 0.002799 0.005267
2 0.588503 0.414150 0.007229 0.006671
2 0.487990 0.416959 0.014226 0.013694
2 0.706507 0.432760 0.031483 0.050211
2 0.602612 0.410990 0.005131 0.007374
2 0.608559 0.410112 0.004897 0.006320
2 0.581157 0.408532 0.002332 0.003160
2 0.521339 0.409586 0.007229 0.005267
2 0.475163 0.406250 0.003032 0.003511
2 0.457206 0.404670 0.003965 0.005267
2 0.540695 0.417310 0.016091 0.037570
2 0.457323 0.396419 0.003731 0.005618
2 0.518773 0.393785 0.003498 0.003862
2 0.450443 0.399930 0.006763 0.016854
2 0.388526 0.405197 0.016325 0.027388
2 0.498717 0.395541 0.020289 0.017205
2 0.483442 0.395541 0.011194 0.020014
2 0.357043 0.390625 0.005131 0.010183
2 0.562034 0.416959 0.031716 0.063553
2 0.521688 0.384831 0.005597 0.008427
2 0.548974 0.384480 0.006530 0.009831
2 0.330224 0.383427 0.004198 0.007725
2 0.463736 0.387640 0.006763 0.017556
2 0.593983 0.382022 0.006996 0.008427
2 0.592351 0.392381 0.031250 0.032654
2 0.477146 0.378862 0.009328 0.018258
2 0.461754 0.372542 0.013526 0.011236
2 0.475163 0.368329 0.005364 0.004916
2 0.371502 0.367626 0.003265 0.004916
2 0.625700 0.369206 0.006996 0.008778
2 0.603428 0.373596 0.010961 0.017556
2 0.379314 0.369382 0.004897 0.010534
2 0.514925 0.368153 0.005597 0.008778
2 0.535564 0.385534 0.020756 0.044944
2 0.767724 0.364291 0.003265 0.003862
2 0.572062 0.369909 0.013526 0.019312
2 0.469100 0.360604 0.003498 0.005618
2 0.595149 0.366924 0.006996 0.018961
2 0.458722 0.359375 0.003265 0.004565
2 0.642491 0.361657 0.006530 0.011236
2 0.408582 0.358673 0.006996 0.008076
2 0.558535 0.362535 0.006063 0.017205
2 0.394356 0.357795 0.005131 0.007725
2 0.531367 0.352528 0.011427 0.012640
2 0.586987 0.352001 0.006063 0.012289
2 0.404967 0.347437 0.003498 0.005969
2 0.600746 0.346383 0.006063 0.008076
2 0.505830 0.347086 0.007463 0.009480
2 0.491371 0.344101 0.002332 0.003511
2 0.734958 0.394312 0.039879 0.110955
2 0.543727 0.342346 0.003032 0.007725
2 0.396805 0.344979 0.004897 0.014396
2 0.389459 0.339888 0.004198 0.006320
2 0.606576 0.336728 0.005131 0.004213
2 0.298974 0.337605 0.008396 0.010885
2 0.577659 0.334972 0.004664 0.009129
2 0.744520 0.331636 0.008162 0.010183
2 0.575910 0.327774 0.003965 0.005969
2 0.502332 0.326545 0.001866 0.003511
2 0.383862 0.323385 0.001866 0.003511
2 0.595732 0.331110 0.013759 0.020365
2 0.337803 0.321629 0.002099 0.002809
2 0.321479 0.337079 0.019356 0.035815
2 0.319263 0.318469 0.003265 0.003511
2 0.558769 0.319698 0.009795 0.008076
2 0.370452 0.316187 0.003032 0.004565
2 0.688899 0.315485 0.005131 0.005969
2 0.361007 0.315133 0.005131 0.009480
2 0.375466 0.311271 0.006530 0.010183
2 0.604128 0.311271 0.010028 0.010885
2 0.312500 0.309515 0.005131 0.007374
2 0.596082 0.312500 0.005597 0.014747
2 0.333722 0.307935 0.005597 0.010534
2 0.370103 0.303897 0.003731 0.006671
2 0.305271 0.304951 0.004664 0.008778
2 0.738106 0.317942 0.034981 0.036868
2 0.343050 0.295471 0.006530 0.005969
2 0.739506 0.298455 0.010728 0.016152
2 0.349464 0.302844 0.010028 0.024930
2 0.292094 0.300035 0.018424 0.020014
2 0.609841 0.293890 0.023787 0.025281
2 0.302006 0.282303 0.003731 0.005618
2 0.348764 0.281777 0.003498 0.005267
2 0.766558 0.281250 0.002799 0.004916
2 0.748951 0.282128 0.006763 0.007374
2 0.638410 0.287570 0.008629 0.018961
2 0.603895 0.275983 0.003965 0.005618
2 0.766674 0.275281 0.002565 0.004916
2 0.624650 0.279143 0.012360 0.012640
2 0.730177 0.278441 0.014459 0.014045
2 0.613689 0.269136 0.004431 0.010885
2 0.400070 0.265976 0.004431 0.005267
2 0.299440 0.263343 0.003731 0.005618
2 0.327076 0.281601 0.040812 0.045646
2 0.745802 0.264396 0.013526 0.015449
2 0.650420 0.260534 0.008396 0.009831
2 0.729944 0.260534 0.007463 0.011938
2 0.369170 0.260358 0.012127 0.012992
2 0.306786 0.252809 0.003498 0.004916
2 0.405900 0.251053 0.003965 0.006320
2 0.653568 0.249298 0.004431 0.004213
2 0.750000 0.251053 0.007929 0.009129
2 0.696945 0.248420 0.003498 0.005267
2 0.739972 0.247191 0.003265 0.006320
2 0.716884 0.279319 0.028918 0.071278
2 0.315299 0.251756 0.007929 0.016152
2 0.730993 0.241749 0.001166 0.001756
2 0.652052 0.243153 0.003731 0.005267
2 0.666045 0.241222 0.006996 0.004213
2 0.416045 0.241573 0.003265 0.005618
2 0.725280 0.238588 0.002799 0.003862
2 0.400536 0.238062 0.003965 0.007022
2 0.352612 0.235604 0.003731 0.004916
2 0.293260 0.234375 0.003032 0.004565
2 0.740438 0.234726 0.005131 0.005969
2 0.728078 0.231917 0.003265 0.003160
2 0.667677 0.233146 0.006063 0.006320
2 0.762360 0.235955 0.006530 0.013343
2 0.345266 0.231566 0.003032 0.004565
2 0.644473 0.229635 0.002565 0.004213
2 0.737640 0.228933 0.003265 0.004213
2 0.405317 0.228581 0.011660 0.014045
2 0.721082 0.222437 0.012127 0.010183
2 0.703125 0.227879 0.020056 0.023876
2 0.295709 0.218926 0.006996 0.007374
2 0.751283 0.220330 0.008162 0.010885
2 0.286031 0.214185 0.004431 0.004916
2 0.395639 0.216994 0.007696 0.014045
2 0.731810 0.208743 0.010728 0.004565
2 0.267257 0.205934 0.003265 0.004565
2 0.712104 0.207338 0.012826 0.010183
2 0.653685 0.204003 0.004664 0.003511
2 0.388759 0.204881 0.006530 0.006671
2 0.603778 0.203827 0.004664 0.005969
2 0.348181 0.206987 0.009795 0.012289
2 0.644356 0.201721 0.002332 0.003862
2 0.291161 0.203125 0.003498 0.007374
2 0.397038 0.203125 0.005364 0.009480
2 0.742188 0.199789 0.005364 0.008427
2 0.751632 0.199789 0.008396 0.011938
2 0.355993 0.196629 0.003965 0.006320
2 0.311567 0.194698 0.004198 0.006671
2 0.322178 0.191011 0.003965 0.005618
2 0.722248 0.192591 0.006530 0.012992
2 0.637127 0.190309 0.005597 0.008427
2 0.267957 0.188904 0.005131 0.007022
2 0.304921 0.186622 0.005364 0.005969
2 0.254081 0.185569 0.002565 0.003862
2 0.293610 0.186271 0.002332 0.005969
2 0.603078 0.182584 0.003265 0.004213
2 0.378498 0.190133 0.010261 0.022121
2 0.740555 0.184164 0.007229 0.012289
2 0.709072 0.182584 0.013293 0.016152
2 0.716535 0.175913 0.006297 0.007022
2 0.366371 0.177142 0.015858 0.009480
2 0.322878 0.175562 0.003965 0.007022
2 0.681903 0.200667 0.045709 0.059340
2 0.272971 0.174508 0.004431 0.007022
2 0.358209 0.171348 0.003731 0.005618
2 0.728078 0.170295 0.005597 0.005618
2 0.309235 0.169417 0.006996 0.003862
2 0.708839 0.168364 0.007229 0.008076
2 0.317514 0.165730 0.002565 0.004916
2 0.289412 0.165906 0.003265 0.005267
2 0.371385 0.162921 0.004897 0.007022
2 0.275536 0.162044 0.004897 0.008076
2 0.375816 0.159586 0.003032 0.004565
2 0.320196 0.156952 0.004198 0.002809
2 0.280084 0.154846 0.004198 0.005618
2 0.590368 0.153090 0.003498 0.004916
2 0.346315 0.150808 0.005131 0.003160
2 0.326726 0.153265 0.005131 0.013694
2 0.385961 0.156250 0.012127 0.022472
2 0.583489 0.147296 0.006530 0.005969
2 0.293843 0.142381 0.003265 0.005267
2 0.303988 0.142205 0.003498 0.005618
2 0.644007 0.142907 0.012360 0.007725
2 0.330574 0.143434 0.006297 0.009480
2 0.588153 0.138518 0.003731 0.005267
2 0.286730 0.138343 0.007229 0.006320
2 0.631180 0.166257 0.087920 0.066362
2 0.321479 0.135709 0.010494 0.010885
2 0.317514 0.126404 0.004897 0.007022
2 0.395289 0.121840 0.002332 0.003511
2 0.303172 0.124473 0.012593 0.008778
2 0.398671 0.117802 0.002565 0.003862
2 0.298507 0.115871 0.007929 0.006320
2 0.306553 0.115344 0.003965 0.005969
2 0.569030 0.112008 0.003731 0.002809
2 0.324743 0.113062 0.010961 0.006320
2 0.555037 0.112008 0.004198 0.004916
2 0.313083 0.112360 0.003498 0.006320
2 0.461754 0.104635 0.004198 0.004916
2 0.412313 0.107093 0.012127 0.009831
2 0.513643 0.106917 0.009095 0.011587
2 0.578941 0.106039 0.004897 0.011236
2 0.317631 0.100772 0.003731 0.004916
2 0.518657 0.099544 0.005131 0.005969
2 0.557836 0.105162 0.021455 0.018610
2 0.482976 0.100070 0.005597 0.008427
2 0.538946 0.104810 0.022388 0.023525
2 0.507696 0.095506 0.004198 0.006320
2 0.544193 0.096383 0.008629 0.011587
2 0.489272 0.095330 0.006996 0.009480
2 0.521455 0.092521 0.004664 0.005969
2 0.322878 0.090765 0.003965 0.004565
2 0.574277 0.090590 0.003498 0.005618
2 0.337803 0.097963 0.022621 0.021770
2 0.602729 0.092521 0.011894 0.011587
2 0.534515 0.088483 0.006996 0.007725
2 0.559818 0.090239 0.012826 0.011938
2 0.507696 0.082338 0.003265 0.004565
2 0.538713 0.080232 0.003265 0.003160
2 0.576259 0.079881 0.006996 0.006671
2 0.525303 0.080056 0.009095 0.010534
2 0.350979 0.080583 0.013060 0.013694
2 0.703008 0.076545 0.007229 0.006320
2 0.383046 0.076545 0.008629 0.007022
2 0.488340 0.077247 0.009795 0.009129
2 0.330340 0.075140 0.003032 0.005618
2 0.505014 0.072858 0.003498 0.005267
2 0.341068 0.074087 0.006297 0.009129
2 0.178871 0.091292 0.022388 0.045646
2 0.720149 0.066889 0.004664 0.003160
2 0.602962 0.066187 0.004431 0.005267
2 0.418027 0.071103 0.012826 0.015098
2 0.633979 0.090765 0.048741 0.061447
2 0.500000 0.062324 0.004664 0.005267
2 0.330807 0.062851 0.006763 0.008427
2 0.374417 0.061622 0.007696 0.006671
2 0.680037 0.083743 0.033582 0.054424
2 0.402402 0.060744 0.019823 0.021770
2 0.580574 0.051791 0.003965 0.004565
2 0.379081 0.053020 0.010494 0.011938
2 0.640159 0.052142 0.007929 0.016503
2 0.565415 0.048631 0.006763 0.011587
2 0.377332 0.042486 0.005597 0.006320
2 0.624883 0.046173 0.014226 0.017907
2 0.370452 0.039326 0.003498 0.005618
2 0.409515 0.040555 0.009795 0.012289
2 0.606110 0.050035 0.027985 0.032654
2 0.613456 0.037219 0.007696 0.009831
2 0.371852 0.024754 0.005364 0.005969
2 0.353428 0.040906 0.028685 0.042486
2 0.619753 0.024228 0.008162 0.009831
2 0.364972 0.021770 0.004198 0.006320
2 0.407649 0.021594 0.006996 0.009480
2 0.350396 0.019663 0.004431 0.007725
2 0.521105 0.021945 0.009095 0.013694
2 0.451959 0.056180 0.065299 0.085674
2 0.628848 0.015098 0.003965 0.004916
2 0.388759 0.029319 0.027052 0.035463
2 0.395989 0.010007 0.005597 0.004565
2 0.608092 0.013694 0.012826 0.016854
2 0.431903 0.033883 0.034515 0.057233
2 0.620103 0.007900 0.006063 0.006671
2 0.376982 0.006320 0.004897 0.005618
2 0.518190 0.004916 0.006996 0.007022
2 0.426423 0.004389 0.007229 0.005969
2 0.594216 0.010007 0.009328 0.019312
2 0.580107 0.008603 0.010494 0.016503
2 0.541395 0.005794 0.023088 0.011587
2 0.412430 0.009831 0.016558 0.019663
3 0.307836 0.621313 0.021455 0.041081
3 0.601213 0.586025 0.010261 0.017556
3 0.520406 0.195049 0.022621 0.035463
3 0.236124 0.109024 0.024953 0.027037