0 0.588619 0.932935 0.002332 0.004213
0 0.661730 0.928722 0.006763 0.011236
0 0.207789 0.910990 0.002799 0.004565
0 0.469333 0.909937 0.002099 0.003160
0 0.664412 0.910639 0.005597 0.008778
0 0.480993 0.893610 0.004431 0.007725
0 0.225163 0.880794 0.003498 0.005969
0 0.494753 0.879038 0.003498 0.005969
0 0.613223 0.874298 0.001166 0.002107
0 0.609375 0.868855 0.003731 0.005969
0 0.467001 0.865169 0.003032 0.005618
0 0.641441 0.863940 0.003965 0.005969
0 0.247085 0.863237 0.004897 0.007374
0 0.512360 0.860253 0.004198 0.004916
0 0.364506 0.858497 0.002799 0.004916
0 0.202775 0.860428 0.006763 0.010885
0 0.614506 0.832163 0.002799 0.004916
0 0.501166 0.824438 0.006063 0.007725
0 0.642607 0.811447 0.004431 0.006320
0 0.523088 0.805302 0.003265 0.005267
0 0.365672 0.800035 0.003731 0.005969
0 0.678055 0.787570 0.003498 0.006320
0 0.641325 0.773876 0.001399 0.002809
0 0.414646 0.775281 0.004198 0.007022
0 0.538713 0.771243 0.002799 0.003160
0 0.649254 0.765625 0.001399 0.002458
0 0.470965 0.762465 0.003498 0.007374
0 0.565765 0.760007 0.004664 0.005969
0 0.755014 0.760358 0.005364 0.008778
0 0.306437 0.708041 0.004198 0.006671
0 0.739156 0.706987 0.003965 0.006671
0 0.553172 0.705232 0.002332 0.003160
0 0.277402 0.692416 0.003965 0.005618
0 0.532533 0.650456 0.002565 0.003862
0 0.647388 0.640801 0.003731 0.006320
0 0.606227 0.612711 0.003032 0.004213
0 0.532183 0.608848 0.004198 0.006320
0 0.539179 0.609199 0.004664 0.007725
0 0.641325 0.589361 0.002799 0.005267
0 0.541744 0.539326 0.002799 0.004213
0 0.550490 0.524052 0.005364 0.006671
0 0.491021 0.523350 0.003498 0.005267
0 0.443797 0.516854 0.003265 0.005618
0 0.671292 0.515625 0.002565 0.004565
0 0.498951 0.510885 0.004431 0.006320
0 0.670826 0.506496 0.002565 0.003862
0 0.505480 0.501404 0.002565 0.003511
0 0.443330 0.497893 0.002799 0.004213
0 0.680504 0.494031 0.002332 0.002809
0 0.338036 0.485779 0.003965 0.006671
0 0.332206 0.485428 0.004431 0.007374
0 0.449277 0.469628 0.003032 0.005267
0 0.655784 0.457163 0.003731 0.006320
0 0.721199 0.441889 0.005830 0.008778
0 0.573577 0.431882 0.003032 0.006320
0 0.791978 0.396594 0.005131 0.007374
0 0.351796 0.388518 0.006763 0.008778
0 0.701842 0.359551 0.003965 0.006320
0 0.697994 0.355337 0.004198 0.006320
0 0.648904 0.339010 0.003498 0.005969
0 0.632346 0.331285 0.004897 0.007374
0 0.590485 0.316889 0.003265 0.005267
0 0.322878 0.315485 0.006297 0.009480
0 0.494170 0.306706 0.001866 0.003160
0 0.759678 0.252985 0.005364 0.008778
0 0.478428 0.248596 0.002099 0.003511
0 0.480410 0.242626 0.002332 0.004213
0 0.578242 0.233497 0.003965 0.005618
0 0.146339 0.221032 0.006297 0.009480
0 0.485424 0.197156 0.004897 0.007374
0 0.578125 0.188904 0.004198 0.007022
0 0.502565 0.178722 0.003265 0.004916
0 0.523904 0.169066 0.003498 0.005969
0 0.714319 0.168539 0.007929 0.011938
0 0.340368 0.138869 0.006763 0.009480
0 0.685168 0.124122 0.005131 0.008076
0 0.575210 0.091819 0.005364 0.007374
0 0.307136 0.063202 0.003731 0.004916
0 0.428172 0.028617 0.002799 0.004565
0 0.435285 0.027388 0.006297 0.010534
1 0.187267 0.848315 0.010728 0.009129
1 0.477962 0.839888 0.017491 0.009129
1 0.508862 0.830758 0.008396 0.015449
1 0.522505 0.772121 0.010494 0.019663
1 0.277519 0.756847 0.017724 0.027037
1 0.588036 0.752282 0.026353 0.019312
1 0.439599 0.722788 0.006063 0.007374
1 0.619053 0.732619 0.017024 0.036868
1 0.389226 0.717872 0.019123 0.027739
1 0.146688 0.711552 0.013060 0.024930
1 0.634678 0.658357 0.005364 0.007725
1 0.579641 0.654494 0.007696 0.009129
1 0.628032 0.639747 0.005597 0.009831
1 0.634562 0.627633 0.011194 0.015098
1 0.625466 0.612886 0.013526 0.023525
1 0.650886 0.593399 0.015858 0.020365
1 0.630830 0.576194 0.013060 0.029494
1 0.614506 0.562851 0.004198 0.014747
1 0.543260 0.560042 0.004897 0.013343
1 0.562617 0.555478 0.009562 0.019663
1 0.613806 0.548455 0.010261 0.009129
1 0.671875 0.545646 0.006063 0.011236
1 0.632463 0.540906 0.005597 0.004565
1 0.564949 0.533532 0.006297 0.012992
1 0.597598 0.539501 0.022155 0.067767
1 0.566231 0.501053 0.014459 0.016854
1 0.469916 0.496489 0.012127 0.018258
1 0.433652 0.464010 0.021688 0.029846
1 0.559585 0.457690 0.006763 0.017907
1 0.567747 0.437851 0.005364 0.012640
1 0.644123 0.440660 0.013993 0.023174
1 0.452659 0.419768 0.017724 0.031250
1 0.537780 0.406074 0.011194 0.014396
1 0.773088 0.398876 0.021922 0.036517
1 0.603312 0.379565 0.011660 0.016854
1 0.688083 0.371664 0.023088 0.035463
1 0.665695 0.346032 0.003965 0.004565
1 0.566698 0.330407 0.007463 0.012640
1 0.586404 0.325316 0.005364 0.012992
1 0.571479 0.313904 0.019823 0.030197
1 0.671409 0.252809 0.022388 0.039326
1 0.691115 0.222963 0.009095 0.016152
1 0.727262 0.225421 0.012360 0.027388
1 0.495336 0.191889 0.013993 0.014396
1 0.458372 0.170295 0.008162 0.009831
1 0.247785 0.146419 0.010494 0.017556
1 0.167910 0.147647 0.012127 0.043188
1 0.316231 0.084094 0.010261 0.015098
1 0.253382 0.008076 0.010494 0.014045
2 0.512593 0.889747 0.002332 0.004213
2 0.533116 0.889045 0.002332 0.003511
2 0.508162 0.881496 0.002799 0.004565
2 0.514576 0.881145 0.004897 0.010183
2 0.536031 0.879565 0.003032 0.007725
2 0.545126 0.877107 0.001632 0.004213
2 0.491021 0.875702 0.003032 0.004916
2 0.527635 0.874122 0.002099 0.005267
2 0.519123 0.873420 0.004198 0.007374
2 0.556320 0.866222 0.003965 0.007725
2 0.569263 0.862535 0.006996 0.016503
2 0.549790 0.861306 0.005364 0.014045
2 0.561917 0.863237 0.005364 0.020716
2 0.544660 0.862184 0.005364 0.018610
2 0.484025 0.860077 0.011427 0.014396
2 0.737057 0.855337 0.003965 0.006320
2 0.580807 0.852177 0.006297 0.012640
2 0.536147 0.830758 0.001866 0.002107
2 0.568797 0.841292 0.020989 0.028090
2 0.585471 0.831110 0.007229 0.011236
2 0.576842 0.826721 0.008162 0.010885
2 0.434235 0.819698 0.003731 0.003862
2 0.563783 0.818645 0.001166 0.003160
2 0.555737 0.820049 0.002332 0.007374
2 0.443214 0.822156 0.008162 0.017907
2 0.556437 0.812676 0.001399 0.002458
2 0.438783 0.812324 0.002099 0.004565
2 0.458372 0.808111 0.002099 0.005969
2 0.481693 0.805126 0.003032 0.012640
2 0.551539 0.795646 0.003265 0.005618
2 0.578008 0.806882 0.028218 0.029494
2 0.448228 0.803546 0.006996 0.024930
2 0.477962 0.794242 0.005830 0.007022
2 0.468050 0.792662 0.003731 0.003862
2 0.592234 0.793539 0.005830 0.011236
2 0.568680 0.787921 0.002099 0.003511
2 0.564366 0.787746 0.002332 0.005267
2 0.580924 0.786692 0.003265 0.003862
2 0.475047 0.787746 0.007463 0.010885
2 0.465602 0.784761 0.006763 0.009129
2 0.392607 0.779670 0.003965 0.005969
2 0.497435 0.776861 0.002332 0.010183
2 0.402985 0.774579 0.003731 0.005618
2 0.596665 0.783532 0.010494 0.024930
2 0.574860 0.771243 0.006063 0.010183
2 0.480177 0.764923 0.005597 0.008778
2 0.477612 0.757374 0.001399 0.002809
2 0.630131 0.759129 0.004198 0.007022
2 0.479478 0.753336 0.002332 0.004565
2 0.478078 0.749122 0.006063 0.003862
2 0.465602 0.748244 0.002099 0.002809
2 0.731227 0.747191 0.003498 0.004916
2 0.474114 0.745787 0.002332 0.004916
2 0.589902 0.741222 0.002565 0.004213
2 0.469916 0.742626 0.008396 0.011236
2 0.365788 0.741924 0.003965 0.012640
2 0.472248 0.734902 0.003265 0.003511
2 0.478545 0.737711 0.005597 0.011236
2 0.592118 0.732444 0.002799 0.004213
2 0.351446 0.732619 0.004198 0.006671
2 0.605294 0.728933 0.001632 0.003511
2 0.747668 0.729284 0.003731 0.004916
2 0.595849 0.728406 0.001866 0.003862
2 0.603312 0.724017 0.001399 0.004213
2 0.478778 0.726299 0.006063 0.012289
2 0.620686 0.718750 0.002099 0.004213
2 0.463736 0.719803 0.008629 0.014747
2 0.448461 0.715239 0.003265 0.005618
2 0.480760 0.713132 0.002099 0.002809
2 0.594333 0.713132 0.002099 0.003511
2 0.463736 0.709972 0.002565 0.002809
2 0.119170 0.712254 0.007929 0.013694
2 0.589552 0.709270 0.005131 0.009831
2 0.616488 0.706285 0.003032 0.004565
2 0.602845 0.712079 0.013526 0.019663
2 0.645872 0.706285 0.008629 0.010885
2 0.482743 0.705407 0.003265 0.009129
2 0.662197 0.701721 0.003498 0.003862
2 0.133279 0.711201 0.013759 0.023525
2 0.657416 0.702072 0.004198 0.006671
2 0.593400 0.696980 0.001632 0.004213
2 0.480760 0.695576 0.001632 0.002809
2 0.475163 0.695400 0.003032 0.003160
2 0.468050 0.699263 0.019123 0.017907
2 0.655784 0.691011 0.002799 0.004916
2 0.476912 0.690836 0.002332 0.004565
2 0.659865 0.688202 0.003032 0.003511
2 0.634795 0.688553 0.009328 0.012640
2 0.651236 0.685744 0.003965 0.010534
2 0.519473 0.681706 0.003032 0.003862
2 0.467118 0.678020 0.001866 0.002809
2 0.647388 0.680302 0.004198 0.008778
2 0.463036 0.676791 0.003032 0.005267
2 0.601329 0.676966 0.003032 0.007022
2 0.594799 0.679600 0.005364 0.012992
2 0.483442 0.670471 0.006996 0.003862
2 0.573228 0.674157 0.007929 0.012640
2 0.518773 0.668364 0.001632 0.003862
2 0.673741 0.668188 0.002332 0.004916
2 0.531483 0.668013 0.007463 0.005267
2 0.616954 0.693820 0.030550 0.058989
2 0.664995 0.663097 0.003498 0.005267
2 0.433186 0.661692 0.003498 0.003160
2 0.517607 0.661166 0.002565 0.002809
2 0.524720 0.660463 0.002332 0.004213
2 0.668493 0.662044 0.003032 0.009480
2 0.478895 0.660990 0.005364 0.008076
2 0.522738 0.657479 0.001632 0.002458
2 0.419776 0.662219 0.016325 0.015449
2 0.661381 0.653090 0.003265 0.004213
2 0.658349 0.652563 0.001866 0.004565
2 0.508396 0.658357 0.009328 0.020365
2 0.652169 0.648525 0.004897 0.007725
2 0.529035 0.643258 0.002565 0.004213
2 0.508396 0.641503 0.006996 0.004916
2 0.604711 0.648350 0.020056 0.022823
2 0.529384 0.636412 0.003265 0.003160
2 0.519590 0.635007 0.002799 0.005969
2 0.515508 0.631320 0.001166 0.002107
2 0.434585 0.640098 0.015625 0.022472
2 0.516908 0.628687 0.001166 0.001756
2 0.658232 0.634656 0.011894 0.015098
2 0.502682 0.628160 0.002099 0.002809
2 0.580107 0.635183 0.011894 0.018258
2 0.547458 0.627633 0.002565 0.003160
2 0.085471 0.629389 0.003965 0.010183
2 0.584538 0.627107 0.005830 0.006320
2 0.512243 0.626053 0.004431 0.005618
2 0.571945 0.622718 0.006763 0.010183
2 0.324044 0.618329 0.007229 0.011938
2 0.667094 0.617451 0.008629 0.012289
2 0.651586 0.611306 0.005597 0.008427
2 0.331740 0.608848 0.010494 0.007725
2 0.682603 0.605688 0.002332 0.003511
2 0.585471 0.602528 0.002099 0.003511
2 0.569846 0.603230 0.012360 0.012640
2 0.450093 0.595154 0.002332 0.002809
2 0.570546 0.595857 0.002565 0.005618
2 0.441698 0.597437 0.003265 0.009480
2 0.584538 0.590765 0.002099 0.003862
2 0.607976 0.589537 0.002332 0.004916
2 0.520522 0.589185 0.003731 0.004916
2 0.347365 0.588132 0.002099 0.002809
2 0.567631 0.588308 0.004198 0.008076
2 0.501166 0.580583 0.002332 0.003862
2 0.503965 0.579354 0.001866 0.002809
2 0.354478 0.579881 0.002332 0.003862
2 0.346665 0.581636 0.003498 0.007374
2 0.457090 0.578301 0.004198 0.004916
2 0.646572 0.579003 0.003498 0.008427
2 0.515625 0.574438 0.002332 0.003511
2 0.349580 0.574438 0.001866 0.003511
2 0.464202 0.574087 0.004431 0.004213
2 0.655434 0.573034 0.002565 0.004213
2 0.489972 0.574965 0.004664 0.008778
2 0.508279 0.573912 0.006763 0.008076
2 0.663130 0.572156 0.005364 0.005267
2 0.513876 0.568294 0.002099 0.001053
2 0.350047 0.569171 0.002332 0.004916
2 0.502215 0.567942 0.002099 0.003160
2 0.448111 0.570927 0.003498 0.009831
2 0.463736 0.566187 0.002565 0.003862
2 0.485308 0.564958 0.002332 0.003511
2 0.456740 0.563378 0.003032 0.003862
2 0.506063 0.562676 0.002799 0.003862
2 0.462104 0.620611 0.053405 0.120435
2 0.665345 0.562324 0.002799 0.004565
2 0.345266 0.561973 0.003965 0.004565
2 0.465718 0.560042 0.001866 0.006320
2 0.351446 0.559164 0.004198 0.005969
2 0.476096 0.556882 0.001632 0.002809
2 0.471782 0.557233 0.004664 0.005618
2 0.535681 0.555302 0.003731 0.004565
2 0.482043 0.555126 0.003731 0.004213
2 0.493937 0.553546 0.002799 0.009480
2 0.361357 0.554775 0.007696 0.012640
2 0.546525 0.551615 0.003965 0.007022
2 0.468050 0.549860 0.002332 0.003511
2 0.644706 0.561096 0.018890 0.035815
2 0.651236 0.543539 0.002099 0.003511
2 0.528801 0.541081 0.005830 0.004213
2 0.658582 0.540730 0.004664 0.004916
2 0.652285 0.539326 0.002799 0.003511
2 0.347948 0.539853 0.012593 0.020014
2 0.324160 0.530548 0.005131 0.007725
2 0.638876 0.522647 0.001632 0.003862
2 0.644823 0.524754 0.009795 0.010183
2 0.635728 0.516503 0.001866 0.002107
2 0.529967 0.525105 0.015625 0.020014
2 0.648904 0.515098 0.001632 0.002107
2 0.634678 0.513694 0.002565 0.004213
2 0.371152 0.520892 0.020289 0.020716
2 0.385844 0.518961 0.008162 0.017556
2 0.512593 0.517381 0.011194 0.017205
2 0.664412 0.508778 0.001866 0.002809
2 0.645522 0.499298 0.002799 0.004213
2 0.409748 0.522647 0.035914 0.050913
2 0.629548 0.494206 0.003032 0.006671
2 0.388176 0.495611 0.010961 0.012289
2 0.658582 0.496138 0.010728 0.020365
2 0.595266 0.487184 0.002565 0.004565
2 0.361007 0.488413 0.004198 0.007725
2 0.537197 0.479986 0.001632 0.002809
2 0.410331 0.480688 0.003498 0.005618
2 0.517024 0.481215 0.004198 0.007374
2 0.534398 0.478933 0.001632 0.003511
2 0.473997 0.478230 0.003498 0.008427
2 0.476562 0.470154 0.001632 0.002809
2 0.560984 0.469979 0.002099 0.003160
2 0.523088 0.470330 0.003265 0.003862
2 0.413596 0.470506 0.002099 0.004213
2 0.528685 0.468223 0.002332 0.003160
2 0.554571 0.463132 0.002332 0.004213
2 0.545592 0.462956 0.002099 0.004565
2 0.551772 0.461728 0.002332 0.003511
2 0.484958 0.461025 0.002565 0.004213
2 0.604011 0.459270 0.001866 0.003511
2 0.542211 0.459094 0.002332 0.003862
2 0.608442 0.456636 0.002332 0.003160
2 0.497901 0.456812 0.001866 0.003511
2 0.612290 0.454354 0.002099 0.002809
2 0.544776 0.454705 0.002332 0.003511
2 0.381646 0.456636 0.004431 0.008778
2 0.576959 0.448385 0.002799 0.002809
2 0.587570 0.457163 0.014692 0.023174
2 0.516674 0.455232 0.009095 0.023525
2 0.579874 0.444522 0.003032 0.004916
2 0.514109 0.439782 0.003498 0.004565
2 0.388060 0.442416 0.013060 0.010534
2 0.373834 0.436973 0.006063 0.009480
2 0.611007 0.435218 0.006063 0.009480
2 0.485191 0.438202 0.024953 0.026685
2 0.535448 0.442591 0.031250 0.037570
2 0.366488 0.428897 0.007229 0.010183
2 0.580690 0.422226 0.002332 0.004565
2 0.506530 0.430653 0.015392 0.032654
2 0.674324 0.414326 0.009562 0.015449
2 0.519473 0.418364 0.007696 0.024228
2 0.479244 0.405197 0.003265 0.007725
2 0.498951 0.404319 0.007229 0.015098
2 0.489739 0.409059 0.014459 0.025983
2 0.471549 0.397121 0.002799 0.003511
2 0.666045 0.397823 0.009328 0.014045
2 0.488340 0.392029 0.002332 0.003160
2 0.494053 0.391678 0.005364 0.005267
2 0.496269 0.386060 0.002799 0.007374
2 0.643307 0.389221 0.005830 0.020716
2 0.566348 0.380969 0.003032 0.005618
2 0.580224 0.381847 0.003265 0.008076
2 0.469683 0.384831 0.006996 0.014747
2 0.464202 0.379740 0.003498 0.005267
2 0.386544 0.392556 0.026353 0.037921
2 0.449860 0.375000 0.003731 0.011938
2 0.447178 0.366397 0.002099 0.003160
2 0.388876 0.367626 0.003498 0.005618
2 0.566348 0.366749 0.003032 0.004565
2 0.486357 0.360253 0.002099 0.003511
2 0.423391 0.360077 0.014226 0.011587
2 0.613923 0.352001 0.004897 0.008778
2 0.443680 0.348841 0.005364 0.009480
2 0.432253 0.346910 0.005364 0.007022
2 0.400653 0.340941 0.004664 0.007725
2 0.610191 0.341643 0.006297 0.011236
2 0.449977 0.338308 0.002565 0.008778
2 0.480644 0.334094 0.001866 0.002458
2 0.548741 0.335323 0.002332 0.006320
2 0.548391 0.313729 0.004431 0.015801
2 0.529734 0.315485 0.012826 0.030548
2 0.513293 0.289853 0.002332 0.004565
2 0.506180 0.289853 0.005364 0.007374
2 0.516441 0.281426 0.002099 0.003160
2 0.519590 0.270190 0.007463 0.016503
2 0.528451 0.258251 0.004198 0.008076
2 0.457556 0.246138 0.003731 0.005618
2 0.168610 0.223490 0.003265 0.010885
2 0.413363 0.219452 0.003965 0.006320
2 0.465835 0.221559 0.004897 0.013343
2 0.413596 0.209972 0.004897 0.007022
2 0.481110 0.205232 0.006063 0.007374
2 0.480177 0.192416 0.002332 0.002809
2 0.173158 0.195576 0.003498 0.009129
2 0.475863 0.186798 0.003965 0.006320
2 0.490089 0.178897 0.005830 0.009480
2 0.483909 0.175386 0.002799 0.004565
2 0.483442 0.169066 0.002799 0.006671
2 0.489622 0.166608 0.003032 0.004565
2 0.534515 0.161166 0.002799 0.005618
2 0.477146 0.138694 0.009328 0.009831
2 0.593517 0.136236 0.005597 0.008427
2 0.259445 0.060744 0.002565 0.004213
2 0.240322 0.047051 0.003498 0.009129
2 0.249300 0.049684 0.010728 0.015098
2 0.391208 0.041257 0.003032 0.008076
2 0.262477 0.040028 0.005830 0.011236
2 0.251516 0.026510 0.003965 0.009480
2 0.243237 0.025456 0.003265 0.008778
2 0.268890 0.016327 0.004664 0.005267