0 0.551073 0.940309 0.006996 0.005618
0 0.554571 0.916608 0.004198 0.006671
0 0.729827 0.902739 0.003032 0.005618
0 0.614389 0.902037 0.004897 0.007725
0 0.630014 0.829178 0.003032 0.004565
0 0.727729 0.827598 0.001632 0.003511
0 0.253965 0.818469 0.003265 0.004213
0 0.746618 0.814607 0.005364 0.006320
0 0.657999 0.790379 0.002565 0.004916
0 0.249883 0.790906 0.005830 0.009480
0 0.323927 0.785815 0.004198 0.005618
0 0.709771 0.769838 0.004431 0.005969
0 0.322528 0.760007 0.004664 0.008778
0 0.335704 0.753336 0.006763 0.008076
0 0.717234 0.737008 0.002099 0.004213
0 0.333955 0.735604 0.004198 0.005618
0 0.310984 0.735428 0.004897 0.005969
0 0.309118 0.721735 0.005364 0.005969
0 0.355993 0.661868 0.003032 0.004916
0 0.662780 0.645014 0.001399 0.002809
0 0.350396 0.634656 0.001166 0.001756
0 0.631297 0.618680 0.005131 0.010534
0 0.602612 0.608673 0.002799 0.004565
0 0.572761 0.599544 0.004198 0.007374
0 0.398671 0.592872 0.004897 0.006671
0 0.673391 0.565133 0.004431 0.004565
0 0.665928 0.567065 0.006297 0.009831
0 0.642957 0.565309 0.004198 0.006320
0 0.310634 0.554249 0.002799 0.005267
0 0.370336 0.547577 0.003265 0.008778
0 0.683769 0.535463 0.004198 0.005618
0 0.311451 0.535463 0.003032 0.006320
0 0.685868 0.527914 0.003265 0.004565
0 0.593750 0.515274 0.004664 0.004565
0 0.641091 0.514572 0.002799 0.005267
0 0.378965 0.489817 0.002799 0.004213
0 0.343050 0.487008 0.003731 0.003511
0 0.625000 0.463308 0.004198 0.005267
0 0.463503 0.463659 0.003965 0.005969
0 0.422691 0.437676 0.006297 0.008778
0 0.359142 0.425035 0.006063 0.007374
0 0.396922 0.421875 0.005131 0.006671
0 0.359025 0.410639 0.007696 0.007374
0 0.481227 0.394487 0.003498 0.005969
0 0.679804 0.355337 0.003731 0.005618
0 0.742421 0.352001 0.005364 0.006671
0 0.547341 0.350772 0.005131 0.008427
0 0.399487 0.347612 0.003731 0.003511
0 0.705457 0.342697 0.003265 0.004916
0 0.739389 0.331110 0.005830 0.008427
0 0.625816 0.318996 0.003498 0.004565
0 0.756763 0.291257 0.006063 0.010885
0 0.763643 0.285463 0.004897 0.007022
0 0.215485 0.276334 0.006996 0.009129
0 0.596315 0.272472 0.003731 0.005618
0 0.428055 0.258076 0.006297 0.009831
0 0.582906 0.248947 0.002565 0.003511
0 0.581973 0.230337 0.004431 0.006320
0 0.693797 0.229108 0.004664 0.009480
0 0.210238 0.203827 0.004897 0.009480
0 0.525187 0.175035 0.003265 0.005969
0 0.543493 0.167310 0.006763 0.008778
0 0.320779 0.157303 0.003032 0.005618
0 0.490205 0.123771 0.005131 0.008076
0 0.166395 0.120435 0.004431 0.008427
0 0.651819 0.113940 0.007463 0.012289
0 0.671525 0.108673 0.003032 0.003160
0 0.458022 0.105688 0.005597 0.008427
0 0.432719 0.047226 0.003498 0.008778
0 0.419893 0.026861 0.007229 0.010183
1 0.745919 0.891854 0.011894 0.012640
1 0.710821 0.858146 0.026119 0.037921
1 0.687850 0.843574 0.014226 0.017907
1 0.697878 0.832338 0.006763 0.007374
1 0.738456 0.744206 0.016558 0.030548
1 0.576726 0.540730 0.009795 0.008427
1 0.582206 0.532303 0.008629 0.008427
1 0.659282 0.534586 0.019123 0.027739
1 0.643307 0.509480 0.005830 0.004916
1 0.367654 0.506847 0.005364 0.008076
1 0.740322 0.480864 0.013759 0.024228
1 0.772854 0.479284 0.030317 0.042135
1 0.692048 0.408883 0.005830 0.011587
1 0.799440 0.408883 0.018657 0.024930
1 0.367887 0.401334 0.013759 0.015449
1 0.418144 0.387289 0.018657 0.023876
1 0.793377 0.367802 0.018657 0.030548
1 0.718167 0.326721 0.007229 0.011587
1 0.600163 0.265976 0.003032 0.008076
1 0.737057 0.266503 0.017491 0.036517
1 0.158932 0.164677 0.008629 0.012640
1 0.681087 0.108146 0.006297 0.012640
1 0.660098 0.086201 0.020756 0.034761
1 0.461637 0.044417 0.011894 0.017205
2 0.556903 0.984551 0.003265 0.003511
2 0.556786 0.964361 0.002099 0.003160
2 0.553638 0.962254 0.003265 0.004565
2 0.582323 0.937851 0.003731 0.007022
2 0.512826 0.933989 0.004664 0.005618
2 0.535215 0.933462 0.011194 0.014396
2 0.544426 0.929424 0.005830 0.013343
2 0.531833 0.923982 0.004431 0.004565
2 0.535681 0.922402 0.002332 0.003511
2 0.561101 0.921173 0.001866 0.002458
2 0.537663 0.920646 0.001166 0.002107
2 0.540345 0.921875 0.002799 0.005267
2 0.527052 0.919417 0.005131 0.004565
2 0.545009 0.918890 0.002799 0.004213
2 0.512710 0.916433 0.006763 0.013343
2 0.567980 0.911166 0.002565 0.003511
2 0.698461 0.912746 0.005131 0.008076
2 0.526119 0.909586 0.003731 0.005267
2 0.581623 0.905372 0.001399 0.003160
2 0.678638 0.904670 0.005131 0.006671
2 0.595499 0.903441 0.003965 0.005618
2 0.521105 0.901861 0.003965 0.012289
2 0.681437 0.898525 0.010261 0.006320
2 0.527169 0.894312 0.002099 0.002809
2 0.589552 0.893961 0.003731 0.004916
2 0.664179 0.890449 0.003265 0.004213
2 0.593050 0.889045 0.002799 0.004213
2 0.672225 0.888518 0.003498 0.005267
2 0.567281 0.886938 0.004897 0.002809
2 0.592351 0.877107 0.005597 0.014045
2 0.585005 0.875351 0.006763 0.011236
2 0.534049 0.875878 0.011194 0.015801
2 0.672575 0.867275 0.003265 0.004916
2 0.497668 0.863237 0.013526 0.012992
2 0.515159 0.870260 0.010261 0.027739
2 0.361474 0.853757 0.005131 0.006671
2 0.588619 0.856566 0.010261 0.022823
2 0.656716 0.847963 0.005597 0.006320
2 0.602612 0.857093 0.012127 0.030197
2 0.496502 0.840239 0.001399 0.002107
2 0.455690 0.840590 0.002332 0.003511
2 0.541511 0.837079 0.002332 0.002809
2 0.583489 0.839361 0.007929 0.010183
2 0.571362 0.833041 0.003265 0.003862
2 0.591768 0.831636 0.002565 0.003862
2 0.564832 0.830758 0.002332 0.002809
2 0.540345 0.831110 0.001866 0.003511
2 0.651003 0.833919 0.013293 0.011236
2 0.724697 0.829529 0.003498 0.004565
2 0.558885 0.824438 0.001632 0.002107
2 0.706273 0.825492 0.004431 0.004916
2 0.549790 0.827072 0.004897 0.008076
2 0.731343 0.824263 0.001399 0.003160
2 0.544776 0.825667 0.004664 0.007374
2 0.665345 0.824087 0.006063 0.004916
2 0.532066 0.829881 0.007229 0.016503
2 0.617887 0.823034 0.002565 0.005618
2 0.535914 0.821629 0.004198 0.004916
2 0.521105 0.820751 0.001632 0.003160
2 0.505247 0.820751 0.002565 0.004565
2 0.518890 0.838834 0.020522 0.042135
2 0.571945 0.817416 0.002099 0.004213
2 0.254198 0.818469 0.006063 0.009831
2 0.678988 0.815133 0.006763 0.006671
2 0.575443 0.814958 0.003965 0.006320
2 0.706040 0.813027 0.003965 0.003862
2 0.739972 0.813553 0.004198 0.005618
2 0.588386 0.818820 0.008396 0.016152
2 0.569030 0.810042 0.002799 0.004213
2 0.531716 0.810042 0.010728 0.012640
2 0.576026 0.802669 0.002332 0.003511
2 0.597015 0.804249 0.003265 0.008778
2 0.662896 0.801088 0.004897 0.003862
2 0.499067 0.802142 0.008862 0.009480
2 0.551189 0.807584 0.028685 0.022472
2 0.717584 0.798806 0.005131 0.005618
2 0.737873 0.795646 0.002799 0.004916
2 0.631063 0.799508 0.011660 0.016152
2 0.548974 0.791959 0.006996 0.007374
2 0.725630 0.785639 0.003498 0.005267
2 0.592351 0.785112 0.002799 0.004916
2 0.638176 0.783532 0.019823 0.018610
2 0.655900 0.775632 0.004897 0.004916
2 0.581040 0.767381 0.002099 0.003160
2 0.569846 0.765625 0.002099 0.003160
2 0.632696 0.766327 0.008396 0.005969
2 0.564132 0.764045 0.002332 0.004213
2 0.567980 0.761060 0.002099 0.003160
2 0.577775 0.754916 0.002565 0.003511
2 0.572994 0.756320 0.004198 0.006320
2 0.588386 0.754740 0.002799 0.004565
2 0.738573 0.714888 0.004664 0.009831
2 0.475396 0.702072 0.002099 0.003862
2 0.718284 0.709796 0.013526 0.022121
2 0.661614 0.704881 0.006530 0.012992
2 0.700326 0.702949 0.011660 0.010534
2 0.737057 0.698209 0.001632 0.003160
2 0.492304 0.698736 0.002799 0.004213
2 0.722948 0.699087 0.002332 0.005618
2 0.489972 0.694347 0.001399 0.003160
2 0.675023 0.700667 0.015159 0.016503
2 0.510844 0.695049 0.002099 0.005267
2 0.737640 0.692942 0.001866 0.002458
2 0.484142 0.692942 0.002332 0.003862
2 0.565182 0.688027 0.004897 0.005969
2 0.478661 0.686271 0.005364 0.007374
2 0.668260 0.686271 0.007229 0.009480
2 0.715019 0.687851 0.006063 0.014045
2 0.529151 0.681355 0.002332 0.003862
2 0.690648 0.687676 0.010494 0.021419
2 0.499534 0.676264 0.001866 0.002809
2 0.721082 0.677669 0.006530 0.010534
2 0.704291 0.676088 0.006530 0.008778
2 0.667211 0.674333 0.004198 0.005267
2 0.716068 0.672226 0.003032 0.003862
2 0.646455 0.675035 0.006063 0.010885
2 0.683652 0.680478 0.012826 0.023876
2 0.500700 0.670646 0.003731 0.004213
2 0.710588 0.670646 0.004664 0.007725
2 0.698228 0.669944 0.008862 0.007725
2 0.659865 0.668539 0.008629 0.007022
2 0.721082 0.663975 0.004664 0.003511
2 0.567281 0.663448 0.005364 0.010885
2 0.576493 0.656426 0.002799 0.004565
2 0.626632 0.664853 0.013060 0.022823
2 0.599930 0.655021 0.002565 0.003160
2 0.554688 0.652914 0.001632 0.002458
2 0.679688 0.657654 0.010028 0.012640
2 0.699743 0.658532 0.012360 0.015801
2 0.538246 0.652739 0.002799 0.004213
2 0.583139 0.654494 0.012360 0.009831
2 0.549557 0.654319 0.005364 0.012992
2 0.655317 0.652388 0.006530 0.010534
2 0.670126 0.648350 0.003498 0.005267
2 0.645289 0.651334 0.006530 0.011236
2 0.546525 0.644838 0.001632 0.002458
2 0.686684 0.646067 0.007229 0.007022
2 0.584771 0.645365 0.003498 0.007022
2 0.551073 0.639923 0.001866 0.003160
2 0.732043 0.639221 0.002332 0.003862
2 0.546409 0.638694 0.000933 0.002809
2 0.645522 0.635885 0.006063 0.004213
2 0.523787 0.657654 0.028451 0.051264
2 0.595849 0.643961 0.013060 0.028090
2 0.720732 0.626404 0.002099 0.006320
2 0.647505 0.619031 0.004431 0.008427
2 0.617654 0.640801 0.045009 0.055478
2 0.721199 0.613413 0.002565 0.005618
2 0.717817 0.611131 0.002332 0.004565
2 0.530784 0.600070 0.001866 0.002107
2 0.518190 0.600772 0.002332 0.004213
2 0.524604 0.597788 0.001632 0.003160
2 0.759328 0.597437 0.001866 0.003160
2 0.661381 0.609024 0.018190 0.027739
2 0.677472 0.619909 0.053638 0.051615
2 0.638876 0.594101 0.003032 0.004213
2 0.466068 0.593926 0.002099 0.003862
2 0.532066 0.589537 0.002099 0.003511
2 0.736124 0.588834 0.002565 0.004213
2 0.523554 0.587605 0.001866 0.002458
2 0.730410 0.591292 0.009795 0.010534
2 0.512826 0.587956 0.003265 0.003862
2 0.745919 0.590765 0.010028 0.012289
2 0.543027 0.588132 0.002565 0.007022
2 0.550956 0.586201 0.002565 0.004565
2 0.463153 0.586201 0.002799 0.004565
2 0.532299 0.585323 0.001632 0.003511
2 0.682836 0.583392 0.002799 0.004565
2 0.516558 0.582690 0.002799 0.004565
2 0.717584 0.584445 0.006063 0.010183
2 0.444963 0.578652 0.002799 0.005618
2 0.454757 0.580758 0.006530 0.011236
2 0.757229 0.578827 0.006996 0.010885
2 0.588503 0.573209 0.002565 0.003862
2 0.470849 0.574965 0.013526 0.013694
2 0.710588 0.568820 0.002332 0.002809
2 0.702775 0.579354 0.009562 0.028090
2 0.721199 0.565485 0.003965 0.006671
2 0.519356 0.566362 0.006530 0.009831
2 0.530317 0.563027 0.003265 0.005267
2 0.509562 0.560393 0.002332 0.003511
2 0.706856 0.560218 0.004664 0.003862
2 0.714669 0.560569 0.004897 0.005969
2 0.518074 0.558111 0.003032 0.004565
2 0.505480 0.556004 0.002565 0.004565
2 0.601679 0.554249 0.002332 0.003862
2 0.455690 0.550913 0.001399 0.002107
2 0.584655 0.552142 0.002799 0.005267
2 0.500000 0.550913 0.001866 0.002809
2 0.463736 0.551088 0.005364 0.005969
2 0.724464 0.547051 0.006297 0.004916
2 0.519007 0.546875 0.004431 0.005969
2 0.440765 0.546173 0.002332 0.004565
2 0.501749 0.542135 0.005830 0.008427
2 0.449160 0.538624 0.002332 0.002809
2 0.519706 0.537746 0.001632 0.003160
2 0.503148 0.535288 0.002099 0.003160
2 0.447994 0.532830 0.002799 0.006671
2 0.506996 0.531250 0.002799 0.004213
2 0.445429 0.531601 0.001866 0.004916
2 0.515159 0.531250 0.004198 0.005618
2 0.510261 0.520541 0.002332 0.003160
2 0.433419 0.516503 0.002099 0.004916
2 0.458022 0.517732 0.005131 0.008076
2 0.483792 0.539150 0.028218 0.056531
2 0.479711 0.512992 0.003731 0.004213
2 0.503382 0.514045 0.005830 0.007725
2 0.507929 0.507900 0.008862 0.006671
2 0.525770 0.502809 0.002565 0.002809
2 0.697645 0.503160 0.004897 0.007022
2 0.659165 0.500702 0.004431 0.007022
2 0.517491 0.499824 0.002799 0.005969
2 0.694729 0.498244 0.001399 0.003511
2 0.511311 0.498069 0.005830 0.005969
2 0.694146 0.494031 0.001166 0.002809
2 0.409049 0.497015 0.006530 0.010183
2 0.667561 0.495611 0.009095 0.008778
2 0.692980 0.490169 0.001166 0.002107
2 0.690765 0.490344 0.002799 0.003160
2 0.518307 0.491397 0.006763 0.008778
2 0.687383 0.486131 0.003032 0.004565
2 0.548158 0.485604 0.003965 0.006320
2 0.678405 0.478581 0.001866 0.002809
2 0.437850 0.478933 0.003498 0.004916
2 0.510145 0.479635 0.011427 0.013343
2 0.682719 0.476650 0.004431 0.008076
2 0.529618 0.486131 0.014925 0.027739
2 0.474813 0.476124 0.003731 0.008427
2 0.553288 0.475421 0.003498 0.011938
2 0.409165 0.471735 0.004897 0.007374
2 0.699160 0.477001 0.006063 0.018610
2 0.704874 0.475070 0.006763 0.016854
2 0.492071 0.478055 0.015392 0.022823
2 0.525536 0.466819 0.002099 0.004565
2 0.506063 0.467346 0.003731 0.006320
2 0.472831 0.464537 0.001632 0.002107
2 0.562966 0.464537 0.002332 0.004213
2 0.445429 0.481566 0.011194 0.039677
2 0.394356 0.462079 0.002332 0.004916
2 0.391091 0.461201 0.001866 0.003160
2 0.615672 0.461376 0.003265 0.004213
2 0.475863 0.460674 0.003498 0.004213
2 0.398787 0.461903 0.004198 0.006671
2 0.490555 0.460147 0.003032 0.004565
2 0.707556 0.459445 0.004198 0.005267
2 0.524254 0.458919 0.003265 0.004916
2 0.569963 0.458567 0.002332 0.005618
2 0.548274 0.458041 0.001399 0.004565
2 0.480527 0.457163 0.002099 0.003511
2 0.489272 0.456636 0.001399 0.003160
2 0.550956 0.457690 0.003498 0.006671
2 0.682486 0.454354 0.001632 0.002809
2 0.404035 0.460323 0.005830 0.014747
2 0.674557 0.457338 0.006297 0.010183
2 0.558885 0.457338 0.005364 0.011587
2 0.470849 0.453125 0.002332 0.005267
2 0.394706 0.452423 0.003965 0.005969
2 0.604594 0.451721 0.004431 0.007374
2 0.540695 0.455407 0.006297 0.014747
2 0.492537 0.451545 0.003731 0.007022
2 0.657533 0.447683 0.003498 0.003511
2 0.487640 0.448560 0.002332 0.005267
2 0.641674 0.464712 0.029151 0.038272
2 0.565182 0.451194 0.011427 0.014045
2 0.485658 0.445576 0.001166 0.002809
2 0.586054 0.445049 0.002332 0.003160
2 0.381530 0.445049 0.003731 0.005267
2 0.613340 0.449614 0.013993 0.018610
2 0.625816 0.446278 0.013759 0.014045
2 0.490905 0.440660 0.001399 0.002809
2 0.526119 0.440660 0.003731 0.004213
2 0.599347 0.442767 0.016791 0.009129
2 0.688666 0.439958 0.004664 0.004213
2 0.562617 0.440133 0.005830 0.006671
2 0.464785 0.444698 0.009795 0.015801
2 0.390625 0.441538 0.006063 0.010183
2 0.429571 0.439782 0.005131 0.008076
2 0.656250 0.436798 0.001399 0.002809
2 0.696712 0.448034 0.022621 0.028090
2 0.651236 0.434867 0.003032 0.005267
2 0.600746 0.434164 0.008396 0.003862
2 0.550606 0.442240 0.012593 0.020014
2 0.365438 0.434515 0.003731 0.004565
2 0.645639 0.443469 0.017491 0.023174
2 0.655900 0.432409 0.002565 0.003862
2 0.511544 0.431355 0.002565 0.004565
2 0.504081 0.431706 0.004431 0.005267
2 0.533465 0.439782 0.010961 0.022121
2 0.608792 0.431355 0.004431 0.006671
2 0.689249 0.428371 0.002565 0.003511
2 0.519823 0.426615 0.002332 0.003511
2 0.703475 0.426264 0.004897 0.004213
2 0.548741 0.425913 0.002332 0.003511
2 0.525653 0.426966 0.004198 0.006320
2 0.645989 0.425211 0.001866 0.003511
2 0.553638 0.425211 0.002332 0.004213
2 0.692514 0.423982 0.002565 0.003862
2 0.533116 0.424333 0.005131 0.005969
2 0.513993 0.423104 0.002332 0.003511
2 0.563549 0.421875 0.003032 0.004565
2 0.491488 0.426791 0.012360 0.017205
2 0.646105 0.418890 0.003032 0.004213
2 0.508979 0.418364 0.004897 0.004565
2 0.496852 0.416081 0.000700 0.001404
2 0.666978 0.436271 0.016791 0.045295
2 0.622901 0.424684 0.016325 0.026334
2 0.547458 0.413975 0.003965 0.005618
2 0.644473 0.412219 0.003032 0.003511
2 0.638643 0.417837 0.007696 0.016854
2 0.606576 0.410990 0.003731 0.004565
2 0.527519 0.415379 0.006063 0.014045
2 0.589319 0.419242 0.027519 0.022472
2 0.652985 0.416081 0.010261 0.018258
2 0.494986 0.408532 0.002099 0.003160
2 0.553638 0.409586 0.007463 0.007374
2 0.596082 0.406601 0.003265 0.002107
2 0.520406 0.410288 0.004897 0.011587
2 0.516791 0.406074 0.001866 0.003160
2 0.492654 0.405723 0.001632 0.003160
2 0.476796 0.414853 0.019356 0.021419
2 0.634212 0.405723 0.002099 0.003862
2 0.528801 0.405197 0.002099 0.002809
2 0.547808 0.404319 0.003265 0.003862
2 0.646455 0.403265 0.002332 0.004565
2 0.510961 0.404143 0.003265 0.007022
2 0.674674 0.402739 0.005131 0.006320
2 0.629897 0.401685 0.002332 0.004916
2 0.536730 0.404143 0.007229 0.009831
2 0.476562 0.398701 0.002565 0.003862
2 0.496152 0.398174 0.002565 0.003511
2 0.644123 0.398876 0.002332 0.007022
2 0.653568 0.400632 0.006763 0.011236
2 0.569263 0.408883 0.013993 0.028441
2 0.629198 0.394312 0.003265 0.004213
2 0.610658 0.394663 0.002099 0.004916
2 0.519356 0.393258 0.001866 0.002107
2 0.515392 0.392907 0.003265 0.004916
2 0.501049 0.392381 0.002565 0.003862
2 0.471432 0.394136 0.003032 0.007374
2 0.508745 0.392029 0.002099 0.004565
2 0.653335 0.389572 0.001166 0.001756
2 0.571945 0.389221 0.002565 0.003160
2 0.476446 0.389396 0.002332 0.003511
2 0.373134 0.389923 0.003731 0.005267
2 0.633745 0.389747 0.002099 0.005618
2 0.399137 0.390449 0.003498 0.007725
2 0.555620 0.387640 0.003965 0.005618
2 0.485424 0.392205 0.011427 0.017556
2 0.622435 0.386412 0.005597 0.008076
2 0.538946 0.391327 0.008396 0.017907
2 0.547808 0.390976 0.005597 0.020014
2 0.765392 0.384129 0.004198 0.007022
2 0.642724 0.382725 0.002332 0.004213
2 0.527868 0.386236 0.011427 0.016152
2 0.653335 0.381320 0.003498 0.007022
2 0.480644 0.379389 0.002799 0.003160
2 0.640742 0.378687 0.002099 0.002458
2 0.566348 0.378687 0.002565 0.004565
2 0.668377 0.377107 0.001399 0.002107
2 0.468983 0.382022 0.007463 0.013343
2 0.624534 0.376756 0.005131 0.005618
2 0.571595 0.376756 0.006063 0.005618
2 0.635261 0.380969 0.011660 0.014747
2 0.521339 0.374649 0.002565 0.004213
2 0.497901 0.372718 0.003265 0.006671
2 0.486824 0.372191 0.004897 0.007725
2 0.481810 0.370611 0.003265 0.004565
2 0.634678 0.369382 0.002565 0.004213
2 0.615322 0.378511 0.010961 0.022472
2 0.648204 0.364466 0.001632 0.002809
2 0.370336 0.365169 0.003265 0.004916
2 0.636311 0.358673 0.002099 0.003160
2 0.515275 0.370787 0.014692 0.028792
2 0.577309 0.359199 0.006763 0.011236
2 0.505247 0.359902 0.015625 0.021067
2 0.542211 0.350246 0.003265 0.008778
2 0.600746 0.372367 0.034515 0.055829
2 0.503032 0.348139 0.003265 0.008778
2 0.480061 0.355513 0.009562 0.023525
2 0.514109 0.350948 0.005830 0.015098
2 0.628848 0.344803 0.004897 0.007725
2 0.484841 0.341994 0.002332 0.004916
2 0.567864 0.341819 0.002799 0.005267
2 0.538479 0.340590 0.002332 0.004916
2 0.579524 0.344979 0.009795 0.015098
2 0.559935 0.349192 0.011194 0.024228
2 0.554338 0.343399 0.003265 0.013343
2 0.470616 0.342697 0.014459 0.017556
2 0.503382 0.336903 0.007229 0.010885
2 0.542794 0.333392 0.003965 0.005267
2 0.534049 0.333919 0.003731 0.006320
2 0.611357 0.331987 0.001632 0.003160
2 0.520406 0.340414 0.008162 0.021419
2 0.511544 0.335147 0.007229 0.010885
2 0.533815 0.325492 0.002332 0.002809
2 0.609841 0.326018 0.002799 0.006671
2 0.496618 0.327774 0.003498 0.010183
2 0.594566 0.331461 0.010961 0.018258
2 0.567048 0.327598 0.009562 0.011236
2 0.511077 0.326018 0.008629 0.011587
2 0.485658 0.330583 0.013759 0.020716
2 0.614622 0.322156 0.002565 0.005267
2 0.684118 0.321103 0.003032 0.003862
2 0.493587 0.321980 0.002565 0.008427
2 0.609025 0.316362 0.002099 0.003511
2 0.538946 0.317065 0.002799 0.004916
2 0.499534 0.317591 0.003731 0.010885
2 0.581507 0.324614 0.014692 0.025632
2 0.393540 0.319522 0.009095 0.016152
2 0.677006 0.312676 0.004198 0.003862
2 0.381063 0.320049 0.005597 0.020716
2 0.517607 0.315309 0.006763 0.011938
2 0.548507 0.313378 0.005131 0.010183
2 0.349580 0.314958 0.009328 0.015449
2 0.442631 0.307409 0.002332 0.003862
2 0.358442 0.301791 0.003731 0.005267
2 0.375583 0.298982 0.003032 0.005267
2 0.540695 0.297402 0.005830 0.009831
2 0.389342 0.293715 0.002565 0.003862
2 0.452192 0.291433 0.002332 0.006320
2 0.574044 0.288097 0.008162 0.008778
2 0.354944 0.286868 0.004664 0.006320
2 0.559118 0.301264 0.017491 0.037219
2 0.607043 0.284059 0.002799 0.006320
2 0.619403 0.285112 0.008396 0.010534
2 0.546409 0.286692 0.006530 0.014396
2 0.595266 0.282654 0.011894 0.011938
2 0.375000 0.278792 0.003731 0.009831
2 0.456740 0.273525 0.002565 0.004213
2 0.434235 0.273174 0.003265 0.004916
2 0.635145 0.275808 0.011894 0.014396
2 0.613806 0.273876 0.010261 0.012640
2 0.463969 0.267907 0.003032 0.004213
2 0.582556 0.268258 0.020522 0.019663
2 0.552472 0.260007 0.006530 0.005969
2 0.416744 0.256847 0.001866 0.005267
2 0.455340 0.268785 0.012360 0.034059
2 0.600630 0.254740 0.005364 0.008076
2 0.362057 0.255969 0.006763 0.011938
2 0.388526 0.259656 0.013060 0.020716
2 0.368703 0.252282 0.003731 0.007374
2 0.421175 0.251756 0.004198 0.007022
2 0.432253 0.250702 0.004431 0.009831
2 0.440765 0.245787 0.002332 0.003511
2 0.614272 0.247191 0.003731 0.008427
2 0.451026 0.245435 0.004664 0.006320
2 0.455340 0.244206 0.002565 0.006671
2 0.381063 0.243680 0.009328 0.009831
2 0.458955 0.241749 0.002332 0.006671
2 0.567631 0.246313 0.017724 0.018610
2 0.471898 0.239291 0.003965 0.008076
2 0.464785 0.236131 0.003265 0.005969
2 0.412780 0.238588 0.013993 0.017205
2 0.461637 0.231566 0.002565 0.005969
2 0.604128 0.231039 0.004897 0.007725
2 0.449860 0.227353 0.003265 0.005267
2 0.571129 0.227879 0.004664 0.009831
2 0.472481 0.221208 0.002799 0.004916
2 0.595965 0.216292 0.003965 0.006320
2 0.577425 0.216994 0.003731 0.007725
2 0.462920 0.217346 0.007929 0.011938
2 0.583139 0.210850 0.004431 0.006671
2 0.428405 0.202072 0.006996 0.006671
2 0.450443 0.198034 0.005364 0.010534
2 0.468284 0.194522 0.004664 0.007022
2 0.438316 0.196278 0.008629 0.011236
2 0.459538 0.182760 0.002565 0.004565
2 0.467701 0.179249 0.003032 0.006671
2 0.742771 0.177669 0.003265 0.006320
2 0.736474 0.172402 0.004664 0.006320
2 0.416395 0.123244 0.007229 0.009831
2 0.186917 0.090590 0.004431 0.006320