0 0.355294 0.977353 0.003032 0.005267
0 0.361707 0.977177 0.005597 0.009831
0 0.613923 0.974192 0.005830 0.009480
0 0.548974 0.967346 0.002799 0.004213
0 0.620802 0.956110 0.004198 0.006320
0 0.637010 0.939607 0.006297 0.005618
0 0.274137 0.931180 0.004431 0.005618
0 0.239739 0.903090 0.002799 0.004213
0 0.244520 0.899579 0.002565 0.003511
0 0.426306 0.893785 0.002799 0.004565
0 0.265042 0.891327 0.005364 0.007374
0 0.217351 0.854986 0.005131 0.008427
0 0.239506 0.841994 0.004198 0.005618
0 0.214785 0.832690 0.002332 0.003862
0 0.484958 0.825316 0.003965 0.004565
0 0.154151 0.820576 0.006530 0.009129
0 0.431553 0.812676 0.004431 0.005969
0 0.437966 0.810042 0.003265 0.004916
0 0.719216 0.787395 0.004198 0.006671
0 0.650303 0.772296 0.003032 0.005267
0 0.506646 0.764747 0.006297 0.009129
0 0.554921 0.751931 0.003032 0.005267
0 0.113806 0.739291 0.004664 0.006671
0 0.554688 0.734902 0.002565 0.004213
0 0.119170 0.725246 0.004664 0.007374
0 0.564949 0.712430 0.005364 0.009129
0 0.139576 0.682935 0.005364 0.009831
0 0.133046 0.679249 0.003498 0.005267
0 0.112407 0.637816 0.003731 0.005267
0 0.413013 0.627633 0.004198 0.005267
0 0.242771 0.627458 0.005131 0.011236
0 0.720849 0.619206 0.004198 0.005969
0 0.173507 0.615695 0.002799 0.004565
0 0.324394 0.596910 0.006996 0.010534
0 0.586521 0.578476 0.008396 0.010885
0 0.222831 0.571980 0.002099 0.003511
0 0.267491 0.547051 0.002799 0.004213
0 0.221199 0.546699 0.003498 0.004916
0 0.217351 0.535288 0.002332 0.004565
0 0.194263 0.532654 0.002332 0.004213
0 0.436451 0.522999 0.003965 0.006671
0 0.215485 0.518961 0.002332 0.003511
0 0.150070 0.512465 0.004431 0.008778
0 0.446012 0.508603 0.003965 0.006671
0 0.225863 0.491924 0.002565 0.004213
0 0.285798 0.492626 0.004897 0.008427
0 0.115205 0.490520 0.004198 0.006320
0 0.139459 0.484551 0.003731 0.007022
0 0.198344 0.473139 0.003498 0.004565
0 0.568214 0.455934 0.007229 0.009480
0 0.513060 0.432058 0.003265 0.005267
0 0.502332 0.429249 0.003265 0.004565
0 0.185518 0.413975 0.003965 0.006320
0 0.365089 0.396419 0.003498 0.004916
0 0.108559 0.387640 0.004431 0.006320
0 0.438316 0.386412 0.004431 0.007374
0 0.258046 0.375351 0.004431 0.007725
0 0.366838 0.371840 0.002332 0.005618
0 0.199510 0.319522 0.005364 0.007725
0 0.765625 0.315660 0.004664 0.007022
0 0.229128 0.291959 0.005364 0.008076
0 0.150653 0.285815 0.006530 0.009831
0 0.586171 0.268785 0.003032 0.005267
0 0.204058 0.228055 0.002332 0.003862
0 0.277052 0.200667 0.004664 0.006671
0 0.167561 0.181882 0.003965 0.006320
0 0.243237 0.178020 0.003731 0.004916
0 0.788013 0.167135 0.004664 0.007022
0 0.731810 0.158006 0.002799 0.003511
0 0.223997 0.149930 0.001166 0.002107
0 0.521688 0.140625 0.006996 0.010183
0 0.266441 0.123771 0.006763 0.010885
0 0.696595 0.121138 0.005131 0.009129
0 0.330924 0.087605 0.005597 0.006671
0 0.664412 0.086903 0.005131 0.006671
0 0.240322 0.085323 0.004431 0.007022
0 0.188783 0.074965 0.007229 0.010183
0 0.696712 0.064080 0.005364 0.008076
0 0.389809 0.060042 0.003965 0.005618
0 0.489506 0.004213 0.005597 0.008427
1 0.619986 0.990344 0.010494 0.005969
1 0.262010 0.870435 0.006763 0.011236
1 0.174907 0.813378 0.008396 0.017907
1 0.794893 0.799508 0.007696 0.017556
1 0.142840 0.804600 0.021688 0.028441
1 0.183885 0.785112 0.010494 0.008427
1 0.146688 0.777037 0.025653 0.022472
1 0.260961 0.759656 0.004664 0.003160
1 0.123134 0.765449 0.009795 0.016854
1 0.246152 0.753336 0.010961 0.015801
1 0.140392 0.755091 0.020989 0.025632
1 0.296642 0.746664 0.009328 0.013694
1 0.106110 0.716819 0.008862 0.012289
1 0.146455 0.631671 0.006530 0.017556
1 0.342817 0.610604 0.010261 0.016854
1 0.842701 0.612184 0.012360 0.036868
1 0.276819 0.599544 0.008862 0.027037
1 0.264692 0.575140 0.007463 0.007725
1 0.243703 0.568294 0.009795 0.019312
1 0.194846 0.542486 0.003965 0.004213
1 0.168377 0.541081 0.010728 0.009129
1 0.213619 0.530899 0.004198 0.005618
1 0.123018 0.504213 0.007696 0.011938
1 0.436451 0.501756 0.010028 0.008427
1 0.275536 0.501931 0.007229 0.013694
1 0.216185 0.498244 0.015858 0.016854
1 0.185051 0.495260 0.015159 0.022823
1 0.453825 0.485253 0.011194 0.010534
1 0.128498 0.479459 0.003731 0.008076
1 0.125117 0.477353 0.006297 0.012992
1 0.410331 0.472437 0.018424 0.022823
1 0.188549 0.465239 0.007696 0.008427
1 0.140858 0.463483 0.008396 0.014747
1 0.442514 0.455934 0.013293 0.020716
1 0.070662 0.445576 0.004664 0.016152
1 0.206390 0.441538 0.027052 0.029143
1 0.418377 0.428722 0.022388 0.034410
1 0.326842 0.394312 0.006763 0.011236
1 0.360075 0.382725 0.015858 0.019663
1 0.187617 0.386763 0.024487 0.029143
1 0.197178 0.365695 0.003498 0.010885
1 0.364855 0.347086 0.010028 0.019312
1 0.281017 0.338834 0.008396 0.009129
1 0.574743 0.278090 0.007696 0.012640
1 0.513060 0.221735 0.020056 0.024930
1 0.284632 0.216819 0.011894 0.015098
1 0.149720 0.215765 0.008862 0.024228
1 0.328008 0.198385 0.006297 0.007022
1 0.270639 0.141327 0.008162 0.010885
1 0.648438 0.040555 0.010494 0.018610
1 0.463270 0.035815 0.012826 0.014045
1 0.631063 0.044768 0.023321 0.048104
1 0.465252 0.004213 0.013993 0.008427
2 0.232276 0.933989 0.004664 0.014747
2 0.249417 0.927317 0.003498 0.004916
2 0.236007 0.926966 0.001866 0.004213
2 0.229361 0.917837 0.002565 0.005618
2 0.253032 0.912219 0.004664 0.014045
2 0.231576 0.902914 0.002332 0.003160
2 0.255947 0.899930 0.003032 0.004916
2 0.223647 0.896770 0.004198 0.005618
2 0.225630 0.888343 0.002565 0.004916
2 0.235191 0.893083 0.007696 0.015098
2 0.251283 0.888343 0.010028 0.014045
2 0.246618 0.882022 0.004431 0.004916
2 0.244753 0.859375 0.002565 0.004565
2 0.231926 0.858673 0.003032 0.003862
2 0.307952 0.841292 0.002099 0.003511
2 0.437383 0.830056 0.004897 0.009831
2 0.228778 0.801088 0.001866 0.003160
2 0.276936 0.769312 0.006297 0.008427
2 0.282882 0.767381 0.002332 0.007374
2 0.288130 0.762992 0.004897 0.009129
2 0.388759 0.755794 0.002799 0.008076
2 0.269823 0.749649 0.002332 0.003511
2 0.274487 0.756320 0.011194 0.018258
2 0.306320 0.747893 0.003498 0.004213
2 0.272388 0.745611 0.003265 0.005267
2 0.292211 0.737008 0.002332 0.005618
2 0.275303 0.736131 0.004897 0.010885
2 0.300956 0.733146 0.010494 0.007725
2 0.266674 0.735779 0.010961 0.015801
2 0.278918 0.729986 0.003265 0.004916
2 0.285098 0.729635 0.005364 0.007022
2 0.283349 0.725597 0.005131 0.006671
2 0.139809 0.722086 0.004897 0.007374
2 0.531250 0.719979 0.003265 0.003862
2 0.264109 0.717521 0.006297 0.008778
2 0.529035 0.714712 0.004897 0.009480
2 0.286264 0.711903 0.003965 0.006671
2 0.301539 0.709972 0.002332 0.004213
2 0.306553 0.713308 0.003965 0.011587
2 0.311567 0.709621 0.004664 0.009831
2 0.292211 0.706636 0.002799 0.003862
2 0.300723 0.700492 0.003498 0.004213
2 0.561101 0.699965 0.003731 0.005267
2 0.285098 0.700667 0.004431 0.007374
2 0.215951 0.699263 0.003731 0.005267
2 0.109258 0.700140 0.002565 0.008427
2 0.309118 0.699438 0.006763 0.008427
2 0.292211 0.695751 0.006996 0.008778
2 0.279851 0.697683 0.016791 0.025281
2 0.114272 0.685042 0.004198 0.006320
2 0.311917 0.686622 0.008162 0.012289
2 0.299440 0.683989 0.003265 0.007725
2 0.149604 0.688378 0.013759 0.024930
2 0.105877 0.682935 0.008396 0.024579
2 0.161264 0.664501 0.002565 0.003862
2 0.230760 0.663448 0.005364 0.005267
2 0.218750 0.661341 0.007463 0.010183
2 0.207090 0.655372 0.002799 0.003160
2 0.237407 0.656777 0.004664 0.008778
2 0.241954 0.650808 0.002565 0.003862
2 0.130247 0.657830 0.011894 0.018610
2 0.218284 0.648174 0.002799 0.002809
2 0.189482 0.647121 0.002565 0.002809
2 0.125816 0.649052 0.003032 0.008076
2 0.157766 0.646243 0.002565 0.004565
2 0.132929 0.641152 0.003265 0.004916
2 0.229711 0.642732 0.011194 0.021419
2 0.210238 0.640625 0.015159 0.020014
2 0.154035 0.625351 0.002565 0.003511
2 0.198577 0.624473 0.001632 0.002458
2 0.190765 0.618504 0.002332 0.003862
2 0.217234 0.618504 0.002565 0.005267
2 0.440765 0.616573 0.002332 0.004213
2 0.205340 0.613413 0.002565 0.004213
2 0.153801 0.611482 0.005364 0.008076
2 0.203708 0.605513 0.002565 0.003160
2 0.366838 0.606039 0.002799 0.005618
2 0.159282 0.606742 0.007463 0.014747
2 0.139576 0.599192 0.005364 0.005267
2 0.190648 0.602528 0.010028 0.012640
2 0.175840 0.599192 0.005597 0.007374
2 0.295359 0.598666 0.006297 0.007725
2 0.204991 0.593399 0.015392 0.015449
2 0.185168 0.584796 0.001399 0.002458
2 0.215135 0.583216 0.002565 0.004213
2 0.207556 0.583216 0.003265 0.004213
2 0.211521 0.579705 0.003731 0.003511
2 0.298741 0.581987 0.011660 0.013694
2 0.219566 0.578301 0.004431 0.009129
2 0.214785 0.574965 0.001866 0.003160
2 0.179454 0.574087 0.015159 0.016152
2 0.166978 0.566011 0.004664 0.004916
2 0.209072 0.565133 0.003498 0.005267
2 0.215019 0.562676 0.007929 0.006671
2 0.174907 0.558287 0.006063 0.004916
2 0.401936 0.557233 0.002099 0.003511
2 0.157416 0.559340 0.006996 0.009831
2 0.431786 0.554073 0.002565 0.003511
2 0.209305 0.553371 0.002565 0.003511
2 0.217351 0.553020 0.004664 0.005618
2 0.211754 0.550035 0.002799 0.003862
2 0.229594 0.543188 0.003032 0.004916
2 0.235541 0.541433 0.002799 0.003511
2 0.381297 0.545646 0.011194 0.014045
2 0.371269 0.538624 0.002332 0.004213
2 0.221549 0.538272 0.002799 0.004213
2 0.364156 0.532128 0.001632 0.003160
2 0.361007 0.531952 0.002332 0.002809
2 0.367304 0.530899 0.001866 0.002809
2 0.149487 0.536341 0.007929 0.017907
2 0.363806 0.526861 0.002332 0.003160
2 0.173391 0.525983 0.003032 0.004916
2 0.367071 0.524403 0.001399 0.002458
2 0.232509 0.526861 0.003731 0.010183
2 0.223064 0.526159 0.011894 0.010183
2 0.403568 0.520190 0.002565 0.004565
2 0.394590 0.519487 0.002332 0.003160
2 0.164296 0.525808 0.008629 0.021419
2 0.359025 0.515449 0.002099 0.002809
2 0.219916 0.509305 0.009795 0.009480
2 0.362523 0.503511 0.002099 0.003511
2 0.168727 0.510709 0.011894 0.022121
2 0.234025 0.510709 0.017957 0.028441
2 0.336637 0.496664 0.003032 0.003862
2 0.159282 0.498069 0.005131 0.010183
2 0.351562 0.493504 0.002565 0.003862
2 0.086404 0.493855 0.002565 0.005267
2 0.217817 0.488237 0.011194 0.007374
2 0.206273 0.486833 0.005830 0.014396
2 0.174790 0.479986 0.004431 0.004916
2 0.171758 0.475421 0.002565 0.002809
2 0.180387 0.476475 0.007229 0.006320
2 0.374534 0.472963 0.003265 0.004916
2 0.213036 0.474544 0.005830 0.008076
2 0.326143 0.474192 0.002565 0.008076
2 0.376749 0.467521 0.002565 0.003862
2 0.355177 0.465590 0.004198 0.008427
2 0.374067 0.463308 0.002799 0.005267
2 0.257229 0.465765 0.009328 0.010885
2 0.163713 0.461903 0.006996 0.008076
2 0.426423 0.457163 0.002565 0.004213
2 0.379431 0.460323 0.008396 0.012640
2 0.341068 0.456812 0.004897 0.010534
2 0.368587 0.461728 0.007229 0.022472
2 0.385261 0.450843 0.005131 0.011236
2 0.396222 0.448385 0.003731 0.007725
2 0.361241 0.451018 0.009795 0.012992
2 0.333955 0.444698 0.008396 0.022121
2 0.236940 0.458216 0.025187 0.050562
2 0.234258 0.430829 0.005830 0.009129
2 0.180970 0.433813 0.020056 0.016503
2 0.227729 0.429073 0.003965 0.009129
2 0.195196 0.427142 0.006063 0.005969
2 0.243587 0.427142 0.005364 0.007374
2 0.345266 0.425737 0.003498 0.006671
2 0.469566 0.424333 0.003032 0.006671
2 0.233209 0.415555 0.003265 0.004565
2 0.157766 0.411868 0.002099 0.003511
2 0.383396 0.412395 0.010728 0.016503
2 0.358092 0.406074 0.008629 0.008778
2 0.457789 0.393258 0.003731 0.006320
2 0.386194 0.395014 0.005131 0.009831
2 0.380947 0.377633 0.004897 0.005267
2 0.333955 0.372893 0.004198 0.008427
2 0.391674 0.379389 0.010961 0.023525
2 0.342701 0.367802 0.005830 0.008076
2 0.328008 0.368504 0.006763 0.009480
2 0.378848 0.367626 0.005364 0.009831
2 0.357509 0.360253 0.003265 0.006320
2 0.323228 0.359375 0.006063 0.010183
2 0.351329 0.356742 0.007229 0.009831
2 0.314949 0.356917 0.005830 0.010183
2 0.409865 0.343574 0.004431 0.008076
2 0.355527 0.340414 0.007229 0.012289
2 0.408815 0.330934 0.007929 0.007374
2 0.211870 0.304073 0.010028 0.024579
2 0.188666 0.285815 0.002799 0.007022
2 0.197062 0.295295 0.023787 0.029494
2 0.249184 0.282128 0.002565 0.003862
2 0.177705 0.276159 0.006996 0.010183
2 0.142724 0.268258 0.004198 0.008427
2 0.214086 0.262465 0.005131 0.007374
2 0.142141 0.251404 0.005830 0.008427
2 0.190182 0.256320 0.018890 0.023876
2 0.203591 0.251229 0.004664 0.016503
2 0.177239 0.246489 0.003731 0.008427
2 0.806437 0.241749 0.003265 0.005969
2 0.785564 0.233322 0.003965 0.003862
2 0.794543 0.224719 0.003265 0.007022
2 0.809818 0.224368 0.007696 0.009129
2 0.816581 0.212430 0.002099 0.003511
2 0.791978 0.207514 0.005131 0.005618
2 0.800956 0.201721 0.003032 0.004565
2 0.598764 0.076369 0.006763 0.007374
2 0.604478 0.060218 0.004664 0.008076
2 0.598997 0.053371 0.006297 0.009831
2 0.686334 0.037395 0.008396 0.005969
2 0.505597 0.034586 0.005131 0.008076
2 0.609841 0.028090 0.008862 0.018961
2 0.602379 0.021770 0.002799 0.006320
2 0.434002 0.019136 0.004198 0.006671
2 0.698461 0.019838 0.006996 0.012992
2 0.588853 0.022472 0.012593 0.020365
2 0.421642 0.014221 0.006996 0.010885
2 0.661031 0.012992 0.008162 0.012640
2 0.431320 0.003687 0.005364 0.005969
2 0.406950 0.004038 0.005131 0.007374
2 0.421059 0.003336 0.004431 0.006671
3 0.423274 0.759831 0.022854 0.061798
3 0.788829 0.473315 0.032416 0.046348
3 0.710938 0.114466 0.033815 0.070927