0 0.237640 0.941713 0.002799 0.004213
0 0.244986 0.941362 0.002565 0.004213
0 0.204757 0.754038 0.002332 0.003862
0 0.198577 0.745435 0.006297 0.007725
0 0.141441 0.704705 0.002565 0.004916
0 0.194380 0.607795 0.003032 0.005618
0 0.134095 0.607444 0.003731 0.006320
0 0.241138 0.515801 0.006530 0.009129
0 0.161847 0.511587 0.003731 0.007725
0 0.174207 0.472788 0.006063 0.008076
0 0.195662 0.470681 0.004664 0.006671
0 0.181087 0.469452 0.004897 0.007022
0 0.227029 0.457865 0.003965 0.005618
0 0.257346 0.451545 0.006297 0.006320
0 0.287780 0.428020 0.003731 0.004916
0 0.297108 0.400632 0.003731 0.007022
0 0.093050 0.353406 0.004664 0.005969
0 0.138060 0.344628 0.006063 0.005969
0 0.336754 0.311096 0.002332 0.003511
0 0.180271 0.292486 0.002332 0.003511
0 0.337920 0.291608 0.002332 0.003862
0 0.326726 0.282128 0.004198 0.007374
0 0.333955 0.274052 0.001866 0.003160
0 0.185634 0.252809 0.003731 0.005618
0 0.768190 0.236131 0.009328 0.015801
0 0.545709 0.204178 0.002799 0.005267
0 0.230760 0.180126 0.004897 0.006320
0 0.223881 0.169417 0.003731 0.004565
0 0.205924 0.171699 0.007463 0.009831
0 0.550023 0.169944 0.004431 0.007022
0 0.398321 0.163624 0.001866 0.002809
0 0.769939 0.131847 0.004431 0.006671
0 0.391908 0.043188 0.005364 0.007725
0 0.486474 0.024403 0.002799 0.003862
0 0.485774 0.018258 0.003265 0.003511
1 0.245919 0.581285 0.010028 0.016503
1 0.179221 0.451545 0.011427 0.018961
1 0.452892 0.311973 0.007929 0.011587
1 0.349697 0.307233 0.010028 0.008427
1 0.335704 0.299860 0.003965 0.009831
1 0.342934 0.298104 0.005364 0.011938
1 0.204524 0.193645 0.009328 0.008778
1 0.491954 0.168890 0.027752 0.043539
1 0.366838 0.123420 0.006063 0.006671
1 0.459422 0.092346 0.018657 0.020365
1 0.683769 0.084972 0.019590 0.035815
1 0.386311 0.060393 0.008162 0.009129
2 0.213619 0.644136 0.006063 0.008076
2 0.085238 0.543890 0.008629 0.007725
2 0.354594 0.436447 0.004431 0.013343
2 0.357743 0.426440 0.002332 0.006671
2 0.359258 0.469628 0.024021 0.097261
2 0.359258 0.415204 0.002565 0.007374
2 0.353428 0.401861 0.003032 0.006671
2 0.350746 0.395892 0.003731 0.005267
2 0.349347 0.389045 0.002799 0.003511
2 0.364855 0.395541 0.006297 0.021419
2 0.352729 0.384831 0.002099 0.004916
2 0.367771 0.381145 0.003731 0.004565
2 0.359025 0.370435 0.001632 0.004916
2 0.374883 0.363237 0.003032 0.004565
2 0.349114 0.371313 0.012593 0.022121
2 0.350280 0.353757 0.001399 0.003160
2 0.358909 0.351124 0.009328 0.023174
2 0.352029 0.339361 0.002099 0.003862
2 0.349697 0.336025 0.002099 0.003511
2 0.330574 0.337079 0.003965 0.005618
2 0.340252 0.347437 0.013993 0.027037
2 0.345965 0.333041 0.002099 0.003160
2 0.321595 0.331987 0.002332 0.006671
2 0.316231 0.341292 0.006063 0.025281
2 0.327425 0.327598 0.002332 0.003511
2 0.313200 0.325492 0.004664 0.007022
2 0.319030 0.320751 0.003731 0.010885
2 0.314366 0.317416 0.002332 0.004213
2 0.395872 0.316538 0.003032 0.004565
2 0.199743 0.303020 0.003032 0.004916
2 0.392491 0.299333 0.001866 0.003160
2 0.299790 0.334972 0.018890 0.077949
2 0.164995 0.295997 0.004897 0.003511
2 0.288363 0.293013 0.002099 0.003160
2 0.294310 0.293364 0.002799 0.004565
2 0.301772 0.290555 0.001866 0.002458
2 0.304454 0.290906 0.002565 0.003862
2 0.370336 0.287570 0.001866 0.003511
2 0.166161 0.287219 0.003498 0.002809
2 0.377449 0.287570 0.003965 0.004916
2 0.162313 0.287219 0.004664 0.004916
2 0.289995 0.284586 0.002565 0.003862
2 0.391674 0.284937 0.003498 0.008076
2 0.386427 0.282479 0.003731 0.003160
2 0.361124 0.282128 0.002099 0.003862
2 0.176073 0.281601 0.005131 0.004213
2 0.156483 0.279319 0.003265 0.003862
2 0.397971 0.278617 0.002099 0.004565
2 0.379897 0.278617 0.002332 0.004565
2 0.160215 0.276685 0.004198 0.004213
2 0.304221 0.275105 0.002565 0.003862
2 0.470965 0.275105 0.002099 0.004565
2 0.393074 0.275632 0.003965 0.006320
2 0.359725 0.275105 0.002099 0.005969
2 0.365672 0.274579 0.004198 0.005618
2 0.374067 0.272823 0.001866 0.002809
2 0.287663 0.272999 0.004897 0.006671
2 0.218633 0.272472 0.004897 0.006320
2 0.361241 0.270014 0.001866 0.002107
2 0.159515 0.270365 0.002332 0.003511
2 0.307253 0.269838 0.003498 0.004565
2 0.293727 0.270014 0.006763 0.010534
2 0.362407 0.265449 0.001866 0.003511
2 0.303405 0.263167 0.006530 0.008076
2 0.146455 0.264045 0.006530 0.010534
2 0.362757 0.259480 0.001632 0.002107
2 0.391558 0.265801 0.014459 0.016854
2 0.296758 0.261060 0.004431 0.007374
2 0.375700 0.256847 0.001399 0.002458
2 0.210471 0.255267 0.004897 0.005618
2 0.317980 0.254565 0.005830 0.009129
2 0.371618 0.251053 0.003498 0.007725
2 0.209305 0.249298 0.003032 0.004213
2 0.476562 0.251580 0.005364 0.010183
2 0.335005 0.249473 0.004431 0.006671
2 0.151702 0.249298 0.009562 0.007725
2 0.203941 0.242802 0.003965 0.003160
2 0.386194 0.250351 0.011660 0.019663
2 0.329641 0.238237 0.015159 0.013694
2 0.324627 0.232093 0.004198 0.003511
2 0.349347 0.235077 0.007463 0.010885
2 0.304338 0.235253 0.005597 0.014747
2 0.192631 0.230513 0.004198 0.005969
2 0.360541 0.241749 0.014925 0.029143
2 0.357743 0.228406 0.004198 0.005267
2 0.379198 0.236306 0.013060 0.025281
2 0.371152 0.224719 0.001632 0.002809
2 0.348647 0.224017 0.003731 0.004213
2 0.334188 0.225421 0.004664 0.007725
2 0.360308 0.221910 0.004664 0.006320
2 0.377682 0.220154 0.006297 0.007022
2 0.366371 0.220330 0.006530 0.009480
2 0.354128 0.219979 0.004897 0.009480
2 0.375350 0.213659 0.002565 0.003862
2 0.350396 0.213834 0.003032 0.004916
2 0.374300 0.206636 0.002332 0.003160
2 0.377565 0.205934 0.002799 0.004565
2 0.352495 0.201369 0.009562 0.015801
2 0.467351 0.184515 0.002332 0.006671
2 0.218633 0.084621 0.003498 0.004916
2 0.218284 0.073560 0.003731 0.005267
2 0.224930 0.063729 0.003032 0.003160
2 0.659748 0.061973 0.009328 0.006671
2 0.210938 0.038975 0.004897 0.006320
2 0.659515 0.038799 0.007929 0.008778