0 0.492071 0.863237 0.006530 0.008778
0 0.296292 0.848139 0.005364 0.008778
0 0.786964 0.821629 0.007696 0.011938
0 0.538946 0.782128 0.005131 0.008076
0 0.512010 0.733848 0.005830 0.007725
0 0.541045 0.684164 0.005597 0.007374
0 0.304804 0.640449 0.004198 0.005618
0 0.573811 0.629213 0.006297 0.008427
0 0.199627 0.628862 0.005597 0.008427
0 0.497668 0.510183 0.004664 0.007022
0 0.628032 0.464712 0.003731 0.005267
0 0.543960 0.435569 0.004897 0.006671
0 0.544776 0.416784 0.004664 0.006320
0 0.518074 0.397296 0.004431 0.005267
0 0.540345 0.360604 0.002799 0.004213
0 0.348764 0.240695 0.004431 0.006671
0 0.662663 0.137640 0.005364 0.007725
0 0.626166 0.104635 0.003731 0.004916
1 0.321362 0.787921 0.028918 0.038624
1 0.269939 0.695927 0.022155 0.040028
1 0.243937 0.668188 0.014459 0.024579
1 0.208139 0.657303 0.007229 0.016854
1 0.228545 0.628336 0.009328 0.010183
1 0.126749 0.594979 0.011427 0.005267
1 0.635611 0.410990 0.011427 0.011587
1 0.197994 0.410288 0.013060 0.015098
1 0.460821 0.328125 0.007929 0.006671
1 0.465252 0.317065 0.012593 0.011938
1 0.612290 0.291081 0.011427 0.014747
1 0.509911 0.256671 0.012826 0.005618
1 0.503382 0.249122 0.007696 0.003862
1 0.599697 0.083567 0.011427 0.021770
1 0.335354 0.054424 0.016325 0.028792
2 0.492421 0.836376 0.004897 0.006320
2 0.458256 0.836025 0.006063 0.008427
2 0.495569 0.824263 0.012127 0.017205
2 0.349114 0.825667 0.015858 0.034761
2 0.455224 0.807409 0.006996 0.009480
2 0.472481 0.810042 0.016791 0.018258
2 0.555504 0.799333 0.007929 0.024228
2 0.532766 0.791784 0.007229 0.013343
2 0.516908 0.797577 0.011427 0.039677
2 0.475630 0.780723 0.007229 0.012992
2 0.440532 0.773701 0.018657 0.027739
2 0.564132 0.761587 0.006996 0.009129
2 0.578708 0.753687 0.003965 0.005969
2 0.552589 0.757022 0.012360 0.015449
2 0.449160 0.752107 0.010261 0.014045
2 0.543727 0.746664 0.007229 0.010183
2 0.299207 0.745435 0.009328 0.007725
2 0.489506 0.770892 0.025653 0.060042
2 0.465019 0.754916 0.020056 0.028090
2 0.537780 0.732971 0.007463 0.015098
2 0.481460 0.728406 0.005364 0.007374
2 0.280900 0.728406 0.006297 0.010183
2 0.556437 0.727704 0.017724 0.012289
2 0.428638 0.725421 0.006063 0.009831
2 0.451609 0.730337 0.018890 0.023876
2 0.572645 0.721208 0.005830 0.009831
2 0.518307 0.721735 0.012826 0.023525
2 0.298857 0.710674 0.005364 0.007725
2 0.486707 0.709270 0.004664 0.009129
2 0.461287 0.707690 0.008396 0.008778
2 0.517724 0.704529 0.006063 0.009480
2 0.567980 0.704354 0.019823 0.025281
2 0.608792 0.694347 0.003498 0.005969
2 0.557836 0.693294 0.004664 0.007374
2 0.508512 0.697507 0.006763 0.015801
2 0.231110 0.694347 0.006996 0.013694
2 0.571245 0.684515 0.007229 0.009480
2 0.510028 0.725772 0.038246 0.092697
2 0.584305 0.680478 0.003965 0.009129
2 0.527519 0.675386 0.004198 0.003862
2 0.577775 0.673455 0.006297 0.011236
2 0.500350 0.672753 0.020289 0.023174
2 0.525536 0.654846 0.004431 0.007022
2 0.273787 0.654319 0.013526 0.022823
2 0.533232 0.644487 0.005364 0.003862
2 0.506180 0.652914 0.012360 0.022823
2 0.545126 0.637465 0.009095 0.013694
2 0.486007 0.510183 0.001866 0.002809
2 0.491488 0.510709 0.006297 0.010183
2 0.497201 0.495787 0.002799 0.004213
2 0.491721 0.492626 0.002099 0.003511
2 0.482743 0.491749 0.003731 0.005267
2 0.501399 0.486482 0.003265 0.003862
2 0.505131 0.484726 0.003265 0.003862
2 0.483326 0.481039 0.003965 0.003511
2 0.641791 0.475772 0.003731 0.004213
2 0.506063 0.476124 0.003731 0.004916
2 0.492537 0.477353 0.007929 0.010885
2 0.501632 0.472437 0.003731 0.004565
2 0.351096 0.465414 0.006763 0.008778
2 0.644123 0.466468 0.007463 0.011587
2 0.555271 0.465063 0.006530 0.010885
2 0.658465 0.456987 0.008629 0.010183
2 0.644590 0.454705 0.009328 0.009129
2 0.635145 0.451369 0.004897 0.005969
2 0.140275 0.446805 0.004897 0.006671
2 0.659165 0.445927 0.006297 0.008427
2 0.632929 0.441538 0.004198 0.006671
2 0.426772 0.436096 0.001399 0.002107
2 0.428755 0.434164 0.002565 0.002458
2 0.336054 0.435393 0.013993 0.014045
2 0.554921 0.428195 0.003498 0.004565
2 0.662080 0.430302 0.022854 0.015098
2 0.414412 0.424333 0.003265 0.005267
2 0.420709 0.423631 0.009328 0.014396
2 0.428288 0.409059 0.002565 0.003511
2 0.683535 0.405021 0.003731 0.006671
2 0.414879 0.404319 0.010261 0.011587
2 0.670942 0.393434 0.006063 0.006671
2 0.426423 0.391678 0.004897 0.005267
2 0.658932 0.406250 0.018424 0.035815
2 0.409632 0.383954 0.003498 0.004565
2 0.396455 0.378160 0.004198 0.002809
2 0.347948 0.374649 0.005597 0.009831
2 0.338503 0.365871 0.009095 0.009129
2 0.397155 0.357444 0.003265 0.005618
2 0.550023 0.347437 0.007696 0.003862
2 0.519007 0.348841 0.009562 0.010885
2 0.416045 0.340941 0.003265 0.003511
2 0.358442 0.342170 0.008396 0.009480
2 0.552822 0.340239 0.007229 0.006320
2 0.427006 0.341643 0.014925 0.010534
2 0.349930 0.347788 0.016091 0.025632
2 0.360891 0.334270 0.003965 0.004213
2 0.479478 0.334094 0.004664 0.008778
2 0.512826 0.333919 0.011660 0.011938
2 0.565415 0.323736 0.005364 0.006320
2 0.522038 0.322156 0.004897 0.003862
2 0.412197 0.324965 0.006297 0.010885
2 0.531133 0.318118 0.004897 0.005618
2 0.502799 0.318820 0.020056 0.008427
2 0.376049 0.316713 0.010028 0.016854
2 0.533699 0.308989 0.009095 0.005618
2 0.358559 0.305302 0.012826 0.012289
2 0.524137 0.300211 0.005364 0.007725
2 0.491255 0.289853 0.005364 0.004565