0 0.444030 0.805478 0.004664 0.007022
0 0.730993 0.768785 0.004897 0.008778
0 0.579174 0.765274 0.003498 0.005267
0 0.681786 0.651159 0.002565 0.003862
0 0.594333 0.639923 0.003032 0.003862
0 0.558535 0.638167 0.004198 0.005969
0 0.508629 0.628336 0.002799 0.003862
0 0.385145 0.628160 0.003965 0.004916
0 0.776936 0.621840 0.005364 0.009129
0 0.426073 0.615169 0.004198 0.006320
0 0.651236 0.610779 0.001632 0.003160
0 0.794776 0.591643 0.003265 0.004213
0 0.727029 0.588834 0.003032 0.004916
0 0.273671 0.564782 0.006297 0.009480
0 0.727729 0.537570 0.003498 0.004916
0 0.560751 0.535112 0.003032 0.004213
0 0.585471 0.534586 0.003965 0.005969
0 0.705807 0.526159 0.002099 0.003862
0 0.713619 0.524052 0.002332 0.003862
0 0.611241 0.515625 0.004198 0.007374
0 0.695196 0.509305 0.002332 0.003862
0 0.644007 0.506671 0.004897 0.007022
0 0.691348 0.490344 0.002565 0.003862
0 0.579991 0.468223 0.004198 0.006671
0 0.559352 0.463132 0.003032 0.004916
0 0.748601 0.410463 0.003731 0.005618
0 0.664062 0.377282 0.004431 0.006671
0 0.539412 0.372367 0.005597 0.008076
0 0.667094 0.366924 0.004897 0.007022
0 0.644590 0.358497 0.002332 0.003511
0 0.513526 0.354284 0.003731 0.005618
0 0.673857 0.350948 0.005830 0.007374
0 0.645872 0.345506 0.003032 0.003511
0 0.497668 0.309164 0.003265 0.005267
0 0.608209 0.285463 0.003265 0.004916
0 0.386194 0.284059 0.006530 0.009129
0 0.536847 0.276159 0.003265 0.005267
0 0.582090 0.261060 0.003731 0.005267
0 0.299907 0.260007 0.004198 0.005969
0 0.524021 0.231215 0.003731 0.004565
0 0.566814 0.211376 0.003965 0.005618
1 0.553638 0.776861 0.003265 0.009480
1 0.451376 0.769838 0.005364 0.005969
1 0.467234 0.670822 0.015159 0.010885
1 0.657999 0.655899 0.006763 0.006320
1 0.509212 0.650808 0.004897 0.003862
1 0.755947 0.641503 0.005364 0.005618
1 0.571129 0.622718 0.004664 0.010885
1 0.769473 0.614466 0.006297 0.012640
1 0.753032 0.588132 0.006530 0.009831
1 0.632113 0.563378 0.011894 0.022121
1 0.720033 0.554073 0.006763 0.011236
1 0.752332 0.510885 0.004198 0.008427
1 0.666744 0.509129 0.005597 0.009831
1 0.681087 0.505267 0.008162 0.016152
1 0.653568 0.505794 0.007229 0.017205
1 0.487757 0.462254 0.012826 0.023525
1 0.714785 0.410463 0.008396 0.007022
1 0.814482 0.395541 0.006297 0.012289
1 0.541161 0.260358 0.005364 0.018610
1 0.482509 0.225246 0.005131 0.007374
1 0.586171 0.230162 0.015159 0.027739
1 0.546059 0.131496 0.008629 0.007374
2 0.199277 0.821103 0.005830 0.009480
2 0.353195 0.806706 0.003498 0.004565
2 0.306320 0.784586 0.005364 0.008076
2 0.309352 0.775281 0.007696 0.007725
2 0.454991 0.765098 0.003265 0.004213
2 0.700560 0.736306 0.003731 0.006320
2 0.703941 0.729459 0.005364 0.005969
2 0.717234 0.716819 0.004431 0.006671
2 0.452775 0.714888 0.002565 0.003511
2 0.710238 0.706110 0.004431 0.004213
2 0.697528 0.708919 0.015392 0.017556
2 0.680271 0.704003 0.006530 0.009129
2 0.708022 0.698034 0.002799 0.004916
2 0.731460 0.696805 0.003498 0.005969
2 0.552122 0.688378 0.002565 0.003862
2 0.718167 0.690660 0.008162 0.014045
2 0.710588 0.687851 0.004664 0.008427
2 0.701259 0.684340 0.003731 0.004916
2 0.820662 0.675737 0.005131 0.006671
2 0.814016 0.673806 0.003498 0.004916
2 0.713969 0.673104 0.003498 0.009831
2 0.683302 0.676966 0.012127 0.018258
2 0.721199 0.664853 0.008162 0.013694
2 0.663713 0.662921 0.004664 0.012640
2 0.660798 0.649930 0.004431 0.006320
2 0.723064 0.643610 0.003965 0.006320
2 0.615555 0.639923 0.003032 0.005969
2 0.683186 0.637816 0.007696 0.007374
2 0.709422 0.632900 0.002799 0.007374
2 0.699277 0.633603 0.003965 0.010183
2 0.622435 0.633603 0.004664 0.014396
2 0.399021 0.627458 0.003265 0.004916
2 0.690765 0.627633 0.006063 0.009480
2 0.610774 0.627809 0.009795 0.014045
2 0.621968 0.619909 0.002799 0.009480
2 0.689132 0.617626 0.007929 0.010534
2 0.740905 0.610428 0.013060 0.018610
2 0.647388 0.598315 0.003265 0.006320
2 0.529268 0.590941 0.001632 0.002809
2 0.662896 0.591468 0.003498 0.008076
2 0.503498 0.575667 0.001866 0.004565
2 0.664179 0.574789 0.001866 0.003511
2 0.660681 0.574087 0.001399 0.002107
2 0.645639 0.574263 0.002099 0.003160
2 0.612407 0.570751 0.003731 0.006671
2 0.523321 0.570400 0.002332 0.005969
2 0.512243 0.571805 0.010961 0.014396
2 0.495569 0.568469 0.006530 0.012640
2 0.579991 0.564782 0.002332 0.005969
2 0.661964 0.562676 0.003032 0.004565
2 0.655900 0.555829 0.002565 0.003511
2 0.601213 0.552493 0.002332 0.004565
2 0.597481 0.551088 0.001866 0.004565
2 0.659282 0.553546 0.002799 0.010183
2 0.703708 0.546348 0.004431 0.005618
2 0.623951 0.543890 0.001632 0.001404
2 0.604594 0.543715 0.003032 0.008778
2 0.640508 0.542837 0.004897 0.007725
2 0.687966 0.570049 0.028451 0.065660
2 0.667910 0.547577 0.011660 0.022823
2 0.509445 0.530021 0.001632 0.002458
2 0.696012 0.529846 0.001632 0.003511
2 0.621152 0.532479 0.006297 0.009480
2 0.501049 0.528617 0.002099 0.002458
2 0.668960 0.531074 0.009095 0.010183
2 0.605760 0.526510 0.001632 0.003160
2 0.684818 0.526861 0.004431 0.004565
2 0.629664 0.524228 0.002332 0.003511
2 0.618703 0.524754 0.003731 0.005267
2 0.238106 0.524403 0.003265 0.004565
2 0.654501 0.536692 0.017957 0.029846
2 0.614972 0.522647 0.007463 0.011587
2 0.522155 0.518083 0.003265 0.005267
2 0.683186 0.517381 0.007229 0.010183
2 0.694613 0.513167 0.002099 0.003862
2 0.645989 0.520892 0.013060 0.025632
2 0.529035 0.512640 0.005830 0.009129
2 0.703358 0.507725 0.001866 0.002809
2 0.538596 0.507549 0.006763 0.010183
2 0.486590 0.507022 0.007229 0.009129
2 0.500350 0.509305 0.012360 0.015098
2 0.544776 0.503862 0.003731 0.007725
2 0.712337 0.507022 0.011894 0.019663
2 0.548741 0.500702 0.003265 0.008427
2 0.655201 0.493504 0.004897 0.007374
2 0.511660 0.488940 0.003265 0.004565
2 0.721315 0.496313 0.009795 0.020014
2 0.645989 0.487360 0.002332 0.003511
2 0.491604 0.493329 0.009795 0.015449
2 0.438899 0.491222 0.008862 0.012640
2 0.645639 0.481566 0.002099 0.003160
2 0.424090 0.479459 0.004431 0.006671
2 0.709072 0.487184 0.015625 0.028441
2 0.649254 0.474544 0.006530 0.006671
2 0.695779 0.475070 0.008162 0.009831
2 0.699044 0.469101 0.003498 0.007022
2 0.700443 0.462956 0.002099 0.003160
2 0.657416 0.460674 0.001866 0.002809
2 0.631297 0.487886 0.027985 0.057233
2 0.674557 0.463132 0.005364 0.008427
2 0.706390 0.459796 0.002799 0.004565
2 0.712337 0.455934 0.007229 0.008778
2 0.697528 0.454003 0.007463 0.007022
2 0.625700 0.453125 0.002799 0.005267
2 0.694846 0.448560 0.002565 0.003862
2 0.598414 0.447858 0.002799 0.003862
2 0.651236 0.444522 0.002099 0.002809
2 0.681553 0.456812 0.014692 0.033708
2 0.658699 0.444347 0.011427 0.011587
2 0.596315 0.437324 0.001866 0.003862
2 0.655667 0.437324 0.003965 0.006671
2 0.651702 0.434515 0.002099 0.003160
2 0.559701 0.419944 0.001866 0.003511
2 0.698111 0.432233 0.030084 0.037219
2 0.569963 0.411517 0.004664 0.009129
2 0.667327 0.418013 0.025420 0.031250
2 0.639342 0.426088 0.019823 0.048104
2 0.609958 0.425386 0.034282 0.048806
2 0.646222 0.400281 0.004664 0.004916
2 0.664296 0.395892 0.004897 0.003862
2 0.828242 0.390274 0.003965 0.004565
2 0.758162 0.387465 0.002799 0.003862
2 0.811217 0.377809 0.004431 0.006320
2 0.757113 0.376931 0.016091 0.017205
2 0.737757 0.369733 0.009095 0.012640
2 0.748134 0.365871 0.003731 0.007022
2 0.743587 0.362711 0.004431 0.005618
2 0.752215 0.360604 0.004897 0.004916
2 0.642374 0.359199 0.002565 0.004213
2 0.771922 0.339537 0.006996 0.007725
2 0.665345 0.319874 0.003731 0.007022
2 0.471315 0.305829 0.002332 0.003511
2 0.480410 0.301791 0.002332 0.003160
2 0.473298 0.299333 0.004431 0.005267
2 0.300257 0.293013 0.002099 0.003160
2 0.478428 0.290028 0.002099 0.003511
2 0.468983 0.283006 0.009795 0.021067
2 0.463503 0.272999 0.002565 0.002458
2 0.475163 0.271770 0.004897 0.007725
2 0.505480 0.275808 0.006297 0.018610
2 0.482043 0.259129 0.003265 0.004916
2 0.511194 0.257725 0.002332 0.002809
2 0.505714 0.238764 0.004431 0.005618
2 0.746269 0.233848 0.002799 0.004213
2 0.471199 0.236657 0.005830 0.010534
2 0.497668 0.244909 0.019590 0.027739
2 0.486357 0.231566 0.003498 0.004565
2 0.478895 0.233322 0.005364 0.009480
2 0.498018 0.227704 0.004897 0.008076
2 0.462453 0.238237 0.026119 0.037570
2 0.488923 0.222612 0.010494 0.011236
2 0.472015 0.207163 0.013993 0.021770
2 0.486824 0.200667 0.012826 0.015801
2 0.478312 0.181355 0.011194 0.010885
2 0.464202 0.176791 0.009562 0.012289
2 0.770289 0.169768 0.001866 0.003160
2 0.739389 0.164326 0.002565 0.003511
2 0.416628 0.163975 0.002565 0.004916
2 0.390392 0.162219 0.006063 0.007725
2 0.383512 0.181706 0.014226 0.046699
2 0.464902 0.160639 0.008162 0.012289
2 0.473181 0.154846 0.010728 0.011236
2 0.759562 0.104986 0.003265 0.004213
2 0.597481 0.074789 0.004664 0.007022
2 0.465602 0.073034 0.005830 0.005618
2 0.725863 0.063729 0.003032 0.004565