0 0.470732 0.923279 0.003032 0.004565
0 0.502799 0.898174 0.002799 0.004213
0 0.519706 0.895014 0.002565 0.003511
0 0.511660 0.883427 0.005597 0.008427
0 0.563783 0.861306 0.003965 0.005618
0 0.275886 0.815660 0.004198 0.006320
0 0.634562 0.773525 0.004664 0.007725
0 0.741488 0.744909 0.005830 0.009480
0 0.409165 0.709094 0.003498 0.004565
0 0.688083 0.667310 0.003032 0.003862
0 0.608209 0.645892 0.003731 0.005969
0 0.199743 0.630442 0.002565 0.003862
0 0.685868 0.595506 0.002332 0.003511
0 0.435868 0.595330 0.005131 0.007374
0 0.732160 0.550737 0.004431 0.006671
0 0.639925 0.543188 0.004198 0.006320
0 0.824394 0.501404 0.005131 0.007725
0 0.784165 0.501229 0.004431 0.007374
0 0.075910 0.493680 0.006297 0.010534
0 0.250933 0.487008 0.003731 0.004916
0 0.809235 0.479986 0.006063 0.009831
0 0.816931 0.470681 0.005597 0.008778
0 0.725280 0.459972 0.002799 0.004213
0 0.651003 0.461552 0.004897 0.007374
0 0.748484 0.443996 0.003498 0.005267
0 0.735541 0.437851 0.002799 0.004213
0 0.676889 0.438729 0.008162 0.013694
0 0.774604 0.416433 0.002565 0.003511
0 0.714202 0.414326 0.002565 0.004213
0 0.729944 0.410639 0.003265 0.003862
0 0.704524 0.400983 0.006063 0.008427
0 0.750583 0.397121 0.003032 0.004213
0 0.674790 0.376580 0.004431 0.005969
0 0.596549 0.360428 0.004198 0.004565
0 0.672691 0.354810 0.004431 0.005969
0 0.678638 0.352177 0.005131 0.007725
0 0.610308 0.338132 0.002799 0.003511
0 0.385261 0.333041 0.006530 0.009480
0 0.717234 0.327598 0.005364 0.007725
0 0.316348 0.324789 0.002565 0.004916
0 0.691814 0.319171 0.005830 0.008427
0 0.616255 0.317767 0.003965 0.006320
0 0.677822 0.307935 0.006763 0.009129
0 0.354944 0.308462 0.006996 0.010885
0 0.221082 0.286166 0.004198 0.007022
0 0.356693 0.279670 0.004431 0.005969
0 0.710121 0.277563 0.006996 0.009480
0 0.735774 0.272647 0.003265 0.005267
0 0.739739 0.270014 0.002799 0.004213
0 0.713270 0.267556 0.003032 0.004213
0 0.735541 0.265449 0.002799 0.004213
0 0.365905 0.264747 0.003265 0.004916
0 0.355993 0.263167 0.003498 0.005267
0 0.350163 0.259656 0.003498 0.005267
0 0.362290 0.233322 0.004897 0.007374
0 0.339785 0.228406 0.004198 0.005969
0 0.609608 0.225070 0.003265 0.004916
0 0.614622 0.221383 0.002565 0.004565
0 0.355061 0.220330 0.003965 0.005969
0 0.618820 0.218048 0.002565 0.004213
0 0.684235 0.207163 0.003265 0.004916
0 0.652985 0.208392 0.005597 0.008076
0 0.641674 0.204003 0.002565 0.004213
0 0.560285 0.199263 0.005830 0.008778
0 0.644473 0.182409 0.007229 0.009480
0 0.670942 0.178371 0.002332 0.003511
0 0.652985 0.166081 0.005597 0.007022
0 0.727495 0.159059 0.005830 0.009129
0 0.685518 0.151685 0.002099 0.002809
0 0.696362 0.145716 0.003265 0.004213
0 0.711870 0.142556 0.003498 0.004916
0 0.573344 0.125351 0.003032 0.004916
0 0.693214 0.122367 0.002565 0.003862
0 0.653568 0.114817 0.003965 0.006320
0 0.574044 0.109726 0.003965 0.005969
0 0.603661 0.105513 0.002099 0.003160
0 0.599930 0.098666 0.003498 0.004916
0 0.510728 0.071103 0.003731 0.004565
0 0.671525 0.056882 0.004431 0.007725
0 0.400770 0.055478 0.003965 0.006320
0 0.533116 0.054073 0.003265 0.005618
1 0.522505 0.903265 0.007229 0.005969
1 0.510261 0.896945 0.006996 0.005969
1 0.596199 0.801791 0.010961 0.008076
1 0.655900 0.768610 0.013759 0.011938
1 0.711870 0.749824 0.017024 0.027037
1 0.612873 0.738237 0.014459 0.022823
1 0.173857 0.755794 0.042211 0.108497
1 0.780550 0.702247 0.004198 0.011938
1 0.749767 0.686798 0.041978 0.033708
1 0.729594 0.678371 0.017491 0.017556
1 0.417910 0.676088 0.014925 0.015801
1 0.768190 0.655372 0.006996 0.014396
1 0.746385 0.644663 0.037080 0.030197
1 0.707323 0.624473 0.011660 0.021419
1 0.793960 0.552669 0.019356 0.030899
1 0.777635 0.526861 0.014692 0.032654
1 0.561684 0.518083 0.010028 0.041081
1 0.454641 0.504038 0.009562 0.012992
1 0.090485 0.496664 0.010728 0.012992
1 0.568447 0.506145 0.013293 0.035463
1 0.208489 0.470330 0.003265 0.003862
1 0.203708 0.468048 0.003032 0.003511
1 0.221549 0.473490 0.021455 0.020716
1 0.816231 0.451896 0.007463 0.012640
1 0.361124 0.445927 0.011894 0.007725
1 0.587920 0.432233 0.006063 0.017556
1 0.815532 0.423982 0.020989 0.024930
1 0.421992 0.418890 0.007229 0.016854
1 0.738223 0.414326 0.005364 0.014747
1 0.595266 0.412219 0.010961 0.023174
1 0.683769 0.394487 0.009328 0.022823
1 0.738456 0.384305 0.002099 0.006671
1 0.730410 0.382549 0.011194 0.016503
1 0.388876 0.354635 0.011894 0.012640
1 0.690532 0.348490 0.011194 0.015098
1 0.622318 0.346208 0.013759 0.039326
1 0.643773 0.348139 0.024953 0.045997
1 0.721082 0.295646 0.010261 0.012640
1 0.691115 0.281426 0.013759 0.020014
1 0.643657 0.266503 0.013993 0.019663
1 0.319963 0.247542 0.014925 0.025281
1 0.720965 0.241222 0.012360 0.022472
1 0.640742 0.234375 0.010494 0.015098
1 0.730877 0.230688 0.009328 0.013343
1 0.368937 0.226475 0.006996 0.004916
1 0.453708 0.215941 0.012360 0.016152
1 0.723298 0.190485 0.015625 0.016503
1 0.563083 0.180653 0.013293 0.018610
1 0.692514 0.163097 0.011894 0.015801
1 0.557486 0.120787 0.009095 0.007022
1 0.563200 0.093223 0.055970 0.029846
1 0.498368 0.059164 0.018657 0.010885
2 0.210938 0.880091 0.002565 0.005267
2 0.293027 0.879740 0.004897 0.008778
2 0.175373 0.877985 0.004664 0.005267
2 0.307719 0.895014 0.017957 0.040028
2 0.580690 0.871138 0.001399 0.002809
2 0.211171 0.870084 0.006763 0.011236
2 0.144473 0.854459 0.002099 0.004565
2 0.138876 0.823736 0.001166 0.002107
2 0.633629 0.818996 0.008862 0.017205
2 0.423974 0.803722 0.005597 0.005618
2 0.430271 0.801440 0.002332 0.003160
2 0.439949 0.794242 0.001632 0.003511
2 0.124067 0.767381 0.002799 0.004565
2 0.589552 0.746489 0.008396 0.007725
2 0.587687 0.737711 0.003265 0.003511
2 0.566581 0.722261 0.006763 0.012640
2 0.600047 0.717170 0.002799 0.005267
2 0.473298 0.719803 0.004897 0.010534
2 0.348531 0.714010 0.003498 0.007374
2 0.570662 0.708216 0.002332 0.008427
2 0.454641 0.705583 0.012360 0.019312
2 0.358675 0.699087 0.004664 0.010534
2 0.593983 0.694171 0.002799 0.005618
2 0.477962 0.692942 0.003498 0.005969
2 0.483559 0.689958 0.002099 0.004213
2 0.529501 0.688378 0.003498 0.005267
2 0.586287 0.688553 0.005597 0.011236
2 0.570779 0.686973 0.003498 0.008778
2 0.590019 0.680653 0.009328 0.012992
2 0.574277 0.674860 0.003498 0.007022
2 0.559701 0.685744 0.016325 0.030197
2 0.451026 0.667135 0.001866 0.003511
2 0.476679 0.685569 0.028451 0.042486
2 0.546992 0.665028 0.002565 0.004916
2 0.448344 0.664677 0.002565 0.004213
2 0.551889 0.664677 0.003498 0.007725
2 0.569846 0.662746 0.006763 0.005969
2 0.374650 0.661166 0.002099 0.003511
2 0.704058 0.658357 0.002799 0.004916
2 0.696712 0.658708 0.003032 0.005618
2 0.352495 0.660288 0.003965 0.010183
2 0.578358 0.655723 0.003265 0.005267
2 0.355177 0.655372 0.002799 0.005267
2 0.767840 0.654846 0.002099 0.004916
2 0.375933 0.655021 0.002332 0.005267
2 0.460238 0.667837 0.012360 0.031601
2 0.549207 0.656426 0.005597 0.009480
2 0.462803 0.653090 0.008629 0.014045
2 0.487523 0.650632 0.003498 0.011236
2 0.593517 0.656074 0.010728 0.023525
2 0.381996 0.645892 0.001866 0.003862
2 0.344216 0.645892 0.005131 0.005267
2 0.475513 0.644487 0.003731 0.005969
2 0.491721 0.642732 0.003032 0.005969
2 0.341651 0.637816 0.002799 0.003862
2 0.335354 0.637816 0.002332 0.004565
2 0.389342 0.637289 0.001632 0.004916
2 0.382929 0.637465 0.003265 0.006671
2 0.631413 0.646419 0.029618 0.030899
2 0.353312 0.635534 0.010728 0.011236
2 0.571479 0.634656 0.007696 0.010183
2 0.370802 0.634305 0.008862 0.011587
2 0.625000 0.629038 0.004664 0.005969
2 0.301772 0.623420 0.002332 0.005969
2 0.564366 0.623244 0.003265 0.008427
2 0.636194 0.621313 0.015858 0.014396
2 0.663946 0.618855 0.005597 0.010183
2 0.674090 0.615871 0.002565 0.006320
2 0.188200 0.615695 0.001866 0.005969
2 0.324510 0.615695 0.004431 0.006671
2 0.617537 0.614642 0.002799 0.005969
2 0.610891 0.614466 0.002565 0.005618
2 0.674790 0.609551 0.002565 0.005618
2 0.624767 0.612008 0.007929 0.011236
2 0.372901 0.614291 0.014925 0.020014
2 0.666511 0.608497 0.007463 0.011938
2 0.642840 0.607093 0.003965 0.011938
2 0.479827 0.601299 0.003032 0.005267
2 0.675140 0.600948 0.005597 0.007374
2 0.504198 0.604635 0.008862 0.017556
2 0.353078 0.596383 0.002799 0.007374
2 0.381646 0.597261 0.006297 0.009831
2 0.313200 0.593750 0.002799 0.004213
2 0.388176 0.593750 0.002565 0.004916
2 0.334655 0.605337 0.011660 0.028090
2 0.341651 0.592872 0.002332 0.005267
2 0.373834 0.592697 0.002799 0.005618
2 0.363223 0.593574 0.003498 0.007374
2 0.332556 0.591292 0.001866 0.003511
2 0.656133 0.620084 0.024487 0.063904
2 0.201143 0.595330 0.011894 0.015098
2 0.777519 0.588132 0.002332 0.003511
2 0.396922 0.586903 0.001866 0.003862
2 0.329991 0.586201 0.002332 0.003160
2 0.645406 0.585499 0.003498 0.006671
2 0.634445 0.590765 0.014226 0.017907
2 0.360308 0.585323 0.004198 0.007725
2 0.311917 0.584621 0.003965 0.006320
2 0.402519 0.585499 0.005131 0.008778
2 0.304221 0.582338 0.002565 0.004565
2 0.373834 0.581636 0.004198 0.006671
2 0.674790 0.584445 0.007229 0.013694
2 0.365322 0.580056 0.003965 0.004916
2 0.349230 0.581285 0.002099 0.007374
2 0.663246 0.579003 0.002799 0.004213
2 0.382929 0.578301 0.003265 0.005618
2 0.301306 0.577949 0.002332 0.004916
2 0.371035 0.574614 0.002799 0.004565
2 0.360774 0.575492 0.004198 0.009129
2 0.695429 0.571805 0.002332 0.003862
2 0.648204 0.571454 0.003498 0.004565
2 0.381530 0.570225 0.005597 0.007022
2 0.324860 0.567416 0.006530 0.009831
2 0.393190 0.561271 0.010728 0.012992
2 0.724114 0.555829 0.002799 0.004916
2 0.638526 0.553371 0.004664 0.006320
2 0.686101 0.549333 0.001866 0.003862
2 0.407416 0.549860 0.012127 0.014045
2 0.417327 0.540555 0.006763 0.008778
2 0.687966 0.538448 0.004198 0.005969
2 0.671758 0.540906 0.010028 0.014396
2 0.702542 0.534761 0.002565 0.003511
2 0.681553 0.534586 0.003498 0.004565
2 0.644590 0.531074 0.003265 0.006671
2 0.695312 0.530899 0.004431 0.011236
2 0.723298 0.535815 0.012360 0.023876
2 0.637943 0.529319 0.005830 0.010885
2 0.620569 0.522472 0.003731 0.007022
2 0.701959 0.521419 0.005131 0.007725
2 0.696129 0.520716 0.003731 0.006320
2 0.637593 0.519663 0.002799 0.004213
2 0.682952 0.515098 0.003965 0.008427
2 0.703008 0.506671 0.003498 0.005618
2 0.717584 0.500702 0.001866 0.003511
2 0.721199 0.499298 0.003032 0.008427
2 0.643540 0.494031 0.002099 0.002809
2 0.675257 0.494909 0.003032 0.005969
2 0.718633 0.491573 0.003498 0.005618
2 0.695429 0.490695 0.002799 0.003862
2 0.636544 0.492451 0.004431 0.007374
2 0.704058 0.495260 0.006530 0.015801
2 0.620219 0.498244 0.027285 0.023876
2 0.732276 0.492100 0.006063 0.013694
2 0.642957 0.485077 0.004664 0.010183
2 0.660448 0.482971 0.004198 0.010183
2 0.739389 0.476299 0.001632 0.002458
2 0.734492 0.475948 0.001632 0.003160
2 0.602962 0.475948 0.002565 0.004565
2 0.659282 0.475246 0.003265 0.004565
2 0.736007 0.468926 0.001866 0.003160
2 0.579991 0.468926 0.004198 0.006671
2 0.743703 0.468223 0.003265 0.007374
2 0.740788 0.465765 0.002565 0.003862
2 0.732976 0.461728 0.002799 0.003511
2 0.697994 0.472086 0.011194 0.028441
2 0.262010 0.457163 0.002099 0.003511
2 0.718633 0.475421 0.024021 0.045646
2 0.249417 0.453125 0.002099 0.003160
2 0.631413 0.454003 0.004897 0.008427
2 0.709655 0.447858 0.002332 0.003160
2 0.257696 0.448385 0.003265 0.009831
2 0.737873 0.452072 0.013060 0.017907
2 0.700910 0.446805 0.009562 0.018610
2 0.619403 0.460323 0.033116 0.047051
2 0.626982 0.438378 0.002565 0.003862
2 0.639109 0.441713 0.005830 0.011236
2 0.717234 0.440485 0.005830 0.013694
2 0.687733 0.449614 0.010261 0.037570
2 0.635961 0.434340 0.006063 0.009831
2 0.665695 0.431355 0.003965 0.006671
2 0.653218 0.431882 0.006063 0.008427
2 0.732393 0.428546 0.003965 0.003862
2 0.657766 0.428722 0.003965 0.004916
2 0.640858 0.429073 0.002799 0.005618
2 0.669310 0.426966 0.002799 0.004213
2 0.643657 0.425913 0.001866 0.004213
2 0.608442 0.424333 0.004664 0.007374
2 0.663829 0.422577 0.003965 0.004565
2 0.632929 0.425386 0.010728 0.021419
2 0.670009 0.413097 0.002799 0.003862
2 0.519473 0.412044 0.002565 0.005267
2 0.662547 0.409410 0.001866 0.003511
2 0.501049 0.408708 0.002099 0.003511
2 0.488340 0.408006 0.002799 0.007022
2 0.674557 0.405899 0.002099 0.003511
2 0.642024 0.413448 0.008396 0.019312
2 0.493470 0.407303 0.003265 0.007022
2 0.472948 0.404143 0.003731 0.005618
2 0.477845 0.403968 0.003265 0.010183
2 0.645406 0.395716 0.003032 0.003511
2 0.316115 0.389747 0.002099 0.004916
2 0.637943 0.386236 0.004897 0.009129
2 0.507463 0.381847 0.001866 0.003862
2 0.660914 0.382198 0.004664 0.008076
2 0.640042 0.376053 0.003498 0.007725
2 0.664296 0.375878 0.006297 0.008778
2 0.628615 0.377633 0.011427 0.012992
2 0.516674 0.386060 0.010961 0.031952
2 0.527635 0.384831 0.014692 0.035815
2 0.655900 0.374649 0.008162 0.020365
2 0.361824 0.361482 0.001166 0.002458
2 0.342234 0.361306 0.001632 0.003511
2 0.324160 0.360253 0.001866 0.003511
2 0.516674 0.356390 0.003965 0.007725
2 0.530201 0.352704 0.002099 0.003160
2 0.511311 0.349368 0.002565 0.004213
2 0.501399 0.332690 0.002799 0.005267
2 0.537197 0.341117 0.008162 0.024930
2 0.520756 0.333743 0.012127 0.024228
2 0.637010 0.315133 0.003498 0.004565
2 0.522971 0.313729 0.004431 0.007374
2 0.564482 0.311622 0.002099 0.003862
2 0.635261 0.310393 0.003265 0.003511
2 0.566931 0.307935 0.001866 0.004213
2 0.561567 0.305653 0.002799 0.004565
2 0.550140 0.304951 0.002332 0.003160
2 0.628965 0.308287 0.006530 0.010534
2 0.636077 0.303371 0.006763 0.007725
2 0.445896 0.295295 0.005597 0.008427
2 0.551423 0.292310 0.003032 0.003862
2 0.632579 0.291433 0.003032 0.002809
2 0.529501 0.290906 0.002099 0.003160
2 0.523787 0.291081 0.002332 0.003511
2 0.516441 0.292135 0.003965 0.005618
2 0.728661 0.289150 0.002565 0.003862
2 0.517024 0.285639 0.002332 0.004565
2 0.453475 0.275808 0.002099 0.002458
2 0.574160 0.272121 0.002332 0.003511
2 0.651936 0.265274 0.003032 0.003862
2 0.632929 0.267907 0.006063 0.011236
2 0.542561 0.265098 0.004431 0.007022
2 0.441814 0.266503 0.007696 0.015449
2 0.446012 0.259656 0.002565 0.003862
2 0.649137 0.258076 0.005364 0.008427
2 0.638410 0.253862 0.002565 0.004213
2 0.563316 0.272647 0.017957 0.044593
2 0.546175 0.236482 0.005131 0.013694
2 0.587220 0.181531 0.004198 0.004213
2 0.579524 0.169242 0.002799 0.004213
2 0.583722 0.158883 0.002799 0.003862
2 0.498951 0.148350 0.002099 0.003862
2 0.666978 0.130442 0.002332 0.004565
2 0.671992 0.127282 0.002099 0.003160
2 0.667794 0.125702 0.002565 0.004916
2 0.634678 0.122015 0.009095 0.008076
2 0.670126 0.117451 0.002099 0.003862
2 0.627332 0.113237 0.002799 0.004565
2 0.617188 0.106039 0.001166 0.002107
2 0.620802 0.106215 0.001866 0.003160
2 0.627449 0.100070 0.001166 0.003511
2 0.663713 0.096208 0.004198 0.004916
2 0.621269 0.092346 0.004664 0.007022
2 0.615322 0.049333 0.021688 0.023525
2 0.685051 0.041959 0.011427 0.017907
2 0.691231 0.031426 0.001866 0.003862
2 0.621968 0.030548 0.002799 0.003511
3 0.304804 0.855513 0.042444 0.041784
3 0.808186 0.624649 0.021222 0.048455
3 0.277285 0.521067 0.044776 0.055478
3 0.397854 0.319347 0.020522 0.048104
3 0.375933 0.248420 0.040112 0.035463