0 0.191231 0.817240 0.004198 0.006671
0 0.156250 0.808287 0.005131 0.007022
0 0.477379 0.806882 0.005597 0.006320
0 0.210704 0.775105 0.003965 0.005267
0 0.244986 0.766327 0.004431 0.006671
0 0.736940 0.750527 0.003731 0.005969
0 0.760844 0.688378 0.005364 0.005969
0 0.766208 0.673455 0.004897 0.007022
0 0.592118 0.627985 0.003265 0.005267
0 0.593400 0.575140 0.003498 0.005618
0 0.596549 0.567767 0.003265 0.005618
0 0.119170 0.466994 0.002799 0.004213
0 0.611124 0.412570 0.003965 0.006320
0 0.124417 0.361657 0.003032 0.004916
0 0.180737 0.356390 0.006063 0.010534
0 0.393890 0.308813 0.003731 0.005267
0 0.415345 0.283708 0.005597 0.007022
0 0.206740 0.284586 0.003965 0.008778
0 0.222481 0.279319 0.004198 0.005267
0 0.322645 0.252458 0.003965 0.005618
0 0.216185 0.230337 0.003265 0.005618
0 0.279384 0.212254 0.002799 0.004565
0 0.250233 0.187676 0.004198 0.005969
1 0.702892 0.949263 0.011660 0.018610
1 0.567747 0.914677 0.057136 0.044944
1 0.402169 0.853933 0.008162 0.005618
1 0.328008 0.864466 0.042211 0.033708
1 0.633979 0.811973 0.008162 0.012289
1 0.456623 0.795646 0.016325 0.007022
1 0.195196 0.781952 0.005131 0.009831
1 0.240905 0.775456 0.005597 0.005969
1 0.166395 0.766503 0.018424 0.042135
1 0.139109 0.716468 0.015625 0.030548
1 0.583256 0.582338 0.013526 0.011587
1 0.139692 0.383427 0.004664 0.010534
1 0.350396 0.328476 0.009095 0.015098
1 0.332556 0.327949 0.015858 0.018258
1 0.329757 0.306180 0.008396 0.014747
1 0.347248 0.306531 0.008862 0.018258
1 0.400187 0.261587 0.008862 0.006320
1 0.208256 0.260534 0.010728 0.021770
1 0.381763 0.257725 0.021922 0.029494
1 0.471549 0.244382 0.055504 0.034410
1 0.426656 0.226475 0.024487 0.014045
1 0.380947 0.215414 0.031483 0.040379
1 0.253731 0.174333 0.013526 0.017907
1 0.272854 0.135885 0.006996 0.011938
1 0.670592 0.061447 0.005364 0.017556
2 0.790695 0.699614 0.004897 0.005969
2 0.792444 0.688729 0.004198 0.008778
2 0.815182 0.682935 0.003965 0.007022
2 0.390625 0.414677 0.007929 0.014045
2 0.367537 0.407303 0.003731 0.005618
2 0.404967 0.401334 0.003498 0.005618
2 0.398204 0.397472 0.002099 0.003511
2 0.389925 0.399052 0.004198 0.006671
2 0.358442 0.394838 0.002332 0.003862
2 0.411147 0.394136 0.002799 0.003862
2 0.397738 0.385358 0.003965 0.005267
2 0.376049 0.379740 0.003032 0.005969
2 0.397155 0.372367 0.003731 0.003160
2 0.418610 0.367978 0.002799 0.004213
2 0.366721 0.366046 0.002099 0.002458
2 0.404967 0.364993 0.004431 0.005969
2 0.429221 0.359551 0.002099 0.005618
2 0.359492 0.373420 0.011427 0.034059
2 0.404151 0.355337 0.003731 0.003511
2 0.364156 0.354459 0.003498 0.005267
2 0.383512 0.352704 0.002099 0.003160
2 0.365322 0.349895 0.001632 0.003160
2 0.384911 0.348139 0.001632 0.002458
2 0.409165 0.346383 0.003032 0.002458
2 0.421175 0.346559 0.003265 0.004916
2 0.417677 0.343399 0.003731 0.004213
2 0.363806 0.342170 0.004198 0.007374
2 0.393074 0.340239 0.002565 0.005618
2 0.377215 0.346559 0.017024 0.021770
2 0.430387 0.337781 0.004897 0.004916
2 0.417677 0.336903 0.007929 0.008076
2 0.409282 0.333743 0.004664 0.005267
2 0.420709 0.331636 0.004198 0.005969
2 0.364039 0.328301 0.002799 0.004213
2 0.424440 0.323560 0.002332 0.003862
2 0.414179 0.323560 0.003731 0.005267
2 0.406250 0.315309 0.002799 0.004213
2 0.420009 0.315836 0.007929 0.010885
2 0.426306 0.313027 0.006530 0.009480
2 0.435751 0.299333 0.002565 0.003862
2 0.434352 0.305829 0.007696 0.016854
2 0.418493 0.297928 0.003032 0.002458
2 0.387360 0.293539 0.014925 0.015449
2 0.432369 0.290730 0.004664 0.012640
2 0.360774 0.271067 0.004664 0.010534
2 0.342934 0.268785 0.006763 0.009480
2 0.366488 0.264923 0.005364 0.008076
2 0.429454 0.265274 0.005830 0.010885
2 0.345732 0.259305 0.003032 0.012289
2 0.359608 0.255969 0.007929 0.016152
2 0.396572 0.143434 0.003032 0.004565
3 0.542211 0.963308 0.016791 0.029143
3 0.712104 0.922051 0.030084 0.040730
3 0.742304 0.856039 0.014925 0.026685
3 0.184701 0.769136 0.019123 0.034059
3 0.781250 0.788799 0.048507 0.075492
3 0.750583 0.739642 0.020756 0.034761
3 0.398554 0.258603 0.025653 0.050913
3 0.291978 0.045822 0.037313 0.020014
3 0.556320 0.026861 0.025420 0.043188