0 0.701259 0.780021 0.003731 0.005267
0 0.708022 0.756320 0.003731 0.006320
0 0.155434 0.577247 0.005364 0.009129
0 0.114039 0.554249 0.003731 0.006671
0 0.542094 0.481215 0.004431 0.006671
0 0.138293 0.471559 0.004198 0.007022
0 0.841301 0.449087 0.005830 0.007725
0 0.123834 0.324789 0.002799 0.004213
0 0.429571 0.257725 0.005597 0.008427
0 0.309118 0.194698 0.005364 0.008076
0 0.677938 0.096208 0.004664 0.008427
0 0.689599 0.084972 0.002799 0.004213
0 0.499067 0.062851 0.003265 0.004916
1 0.389226 0.912570 0.027985 0.042135
1 0.662080 0.925211 0.107276 0.069522
1 0.582906 0.735955 0.010028 0.014045
1 0.776819 0.681004 0.026119 0.038272
1 0.825560 0.548982 0.013526 0.026334
1 0.808302 0.517907 0.012127 0.011938
1 0.349813 0.506671 0.010728 0.009129
1 0.633162 0.058813 0.013526 0.027037
1 0.280434 0.038624 0.003965 0.011236
2 0.127332 0.767907 0.004664 0.008427
2 0.125933 0.759305 0.003731 0.007374
2 0.116838 0.752985 0.004198 0.005267
2 0.348997 0.634129 0.004897 0.007725
2 0.333372 0.619909 0.003032 0.004565
2 0.343517 0.615169 0.003731 0.007022
2 0.334422 0.603757 0.004198 0.007374
2 0.355993 0.594979 0.006297 0.010183
2 0.357160 0.574965 0.005364 0.004565
2 0.341768 0.567591 0.007229 0.006671
2 0.326259 0.564080 0.022854 0.014396
2 0.336637 0.554073 0.003032 0.004916
2 0.207439 0.442240 0.007696 0.015801
2 0.199627 0.435744 0.003731 0.004916
2 0.154734 0.435393 0.016558 0.022472
2 0.142257 0.424333 0.008396 0.011587
2 0.129897 0.418013 0.005131 0.004565
2 0.189599 0.419066 0.006063 0.008778
2 0.153918 0.416784 0.002799 0.004213
2 0.124417 0.417837 0.003498 0.007725
2 0.176306 0.412219 0.003265 0.003511
2 0.118470 0.418890 0.013060 0.021770
2 0.148321 0.408708 0.002799 0.003511
2 0.181670 0.410990 0.005597 0.009480
2 0.138993 0.391678 0.010728 0.015098
2 0.508862 0.382725 0.003731 0.005618
2 0.495336 0.386763 0.007463 0.014396
2 0.154618 0.383427 0.007463 0.009129
2 0.118587 0.385885 0.013293 0.016152
2 0.170009 0.393083 0.022854 0.035463
2 0.185984 0.374649 0.002099 0.002809
2 0.181786 0.375351 0.005364 0.007725
2 0.189132 0.369031 0.003731 0.009831
2 0.112757 0.358146 0.006297 0.006320
2 0.494170 0.358673 0.006996 0.012992
2 0.137593 0.356390 0.006530 0.012640
2 0.148321 0.353757 0.009328 0.017907
2 0.509678 0.342697 0.004897 0.004213
2 0.162430 0.345857 0.004431 0.011236
2 0.539296 0.330758 0.005364 0.011236
2 0.499300 0.317767 0.012127 0.023174
2 0.610075 0.267732 0.006063 0.008778
2 0.602962 0.269312 0.008162 0.016854
2 0.138410 0.222086 0.002099 0.003862
2 0.177006 0.203301 0.002332 0.005618
2 0.171175 0.189080 0.002332 0.003862
2 0.486474 0.137640 0.002332 0.003511
2 0.153335 0.136938 0.005830 0.009129
2 0.477729 0.134305 0.005364 0.011587
2 0.473764 0.132022 0.004431 0.009831
2 0.405784 0.120084 0.002799 0.004213
2 0.402985 0.106039 0.003265 0.004916
2 0.396805 0.093048 0.005364 0.009129
2 0.446012 0.077598 0.012826 0.013343
2 0.460238 0.075667 0.008629 0.010885
2 0.434468 0.066713 0.005597 0.009129
2 0.363806 0.061973 0.004198 0.005267
2 0.355294 0.055829 0.006763 0.007725
2 0.405900 0.050737 0.004897 0.007374
2 0.397038 0.048631 0.004431 0.005267
2 0.390042 0.046524 0.003032 0.010183
2 0.355294 0.043188 0.002099 0.003511
2 0.366371 0.044417 0.005597 0.007374
2 0.379198 0.038799 0.002332 0.002458
2 0.362990 0.033357 0.003032 0.003511
2 0.333839 0.031426 0.004431 0.005969
2 0.351213 0.028617 0.003731 0.011587
2 0.438899 0.019136 0.006063 0.012289
2 0.417794 0.010358 0.004897 0.008778
3 0.661847 0.044593 0.050373 0.073034