0 0.675373 0.982093 0.003265 0.004916
0 0.515508 0.945576 0.003965 0.005618
0 0.531483 0.936271 0.005597 0.007374
0 0.640275 0.924508 0.004897 0.007725
0 0.537313 0.917486 0.005131 0.007725
0 0.496852 0.914326 0.007229 0.010534
0 0.561217 0.901510 0.003498 0.005969
0 0.649487 0.894663 0.003265 0.005618
0 0.588270 0.890098 0.003965 0.006320
0 0.463969 0.829178 0.004897 0.007374
0 0.454058 0.818294 0.002799 0.004565
0 0.467001 0.812851 0.002565 0.004213
0 0.195662 0.809691 0.003265 0.004916
0 0.465019 0.804951 0.003265 0.004565
0 0.435051 0.782479 0.007696 0.013694
0 0.683302 0.769487 0.004198 0.006671
0 0.282649 0.764923 0.005597 0.007374
0 0.446712 0.733848 0.005364 0.007725
0 0.209888 0.732795 0.003731 0.006320
0 0.412780 0.733146 0.005597 0.008427
0 0.210938 0.726650 0.003965 0.005969
0 0.751866 0.723315 0.002799 0.004213
0 0.424557 0.724895 0.006297 0.008778
0 0.795592 0.721383 0.003965 0.006671
0 0.577309 0.719803 0.003965 0.005618
0 0.767607 0.715414 0.002565 0.004565
0 0.496852 0.710850 0.004431 0.005969
0 0.390508 0.707690 0.004431 0.010183
0 0.386077 0.702949 0.004897 0.008427
0 0.759212 0.690836 0.005364 0.007374
0 0.355410 0.687676 0.000933 0.001756
0 0.646922 0.687676 0.005131 0.008076
0 0.734258 0.669944 0.003032 0.004213
0 0.708489 0.657830 0.005131 0.008778
0 0.733209 0.655197 0.003265 0.004916
0 0.488573 0.647999 0.006063 0.006671
0 0.765275 0.641152 0.003498 0.004916
0 0.403918 0.633954 0.002332 0.003862
0 0.720965 0.632374 0.003498 0.004916
0 0.782882 0.614642 0.003731 0.005969
0 0.751166 0.611306 0.006530 0.009129
0 0.824160 0.607093 0.004198 0.007022
0 0.772388 0.602879 0.004198 0.007022
0 0.398438 0.599192 0.002565 0.003862
0 0.616604 0.593048 0.003265 0.004916
0 0.808769 0.588308 0.005131 0.008778
0 0.772155 0.582865 0.004664 0.006320
0 0.600863 0.575492 0.003965 0.005618
0 0.761894 0.560042 0.005597 0.009831
0 0.732743 0.547226 0.002799 0.004565
0 0.729594 0.545646 0.002565 0.004213
0 0.077192 0.544242 0.005131 0.007725
0 0.755830 0.542135 0.003731 0.007022
0 0.727845 0.538448 0.003265 0.004565
0 0.422808 0.537219 0.002799 0.004213
0 0.388410 0.532654 0.003498 0.004916
0 0.499883 0.515449 0.002565 0.003511
0 0.418377 0.504565 0.002332 0.003511
0 0.800723 0.502282 0.005830 0.008778
0 0.404151 0.496489 0.003265 0.004916
0 0.607276 0.492100 0.005597 0.008076
0 0.825560 0.469979 0.003731 0.005969
0 0.511894 0.469101 0.006530 0.008427
0 0.834655 0.458743 0.003731 0.005267
0 0.541395 0.459972 0.005364 0.008427
0 0.510728 0.455934 0.006063 0.007374
0 0.707090 0.454003 0.003731 0.004213
0 0.811800 0.453652 0.004198 0.006320
0 0.501049 0.452423 0.002565 0.003862
0 0.651236 0.456987 0.010028 0.014396
0 0.792561 0.452247 0.005364 0.008427
0 0.506880 0.446629 0.003498 0.005618
0 0.484492 0.444171 0.003498 0.005618
0 0.533116 0.439431 0.002332 0.003160
0 0.426539 0.425737 0.003731 0.005267
0 0.648671 0.418013 0.004897 0.006671
0 0.577659 0.412570 0.003265 0.004916
0 0.338036 0.407654 0.003498 0.004916
0 0.657882 0.405197 0.005597 0.008427
0 0.462337 0.402739 0.003965 0.005618
0 0.515275 0.400456 0.004897 0.007374
0 0.710354 0.397999 0.004664 0.006671
0 0.461637 0.396419 0.004431 0.006320
0 0.454874 0.394838 0.003032 0.004565
0 0.824510 0.392381 0.003965 0.006671
0 0.851096 0.390801 0.003498 0.005618
0 0.455107 0.386236 0.002565 0.003511
0 0.643540 0.381320 0.002099 0.003511
0 0.813783 0.379389 0.003965 0.007374
0 0.849580 0.373596 0.004198 0.006320
0 0.567514 0.370787 0.006763 0.008427
0 0.399021 0.366222 0.004664 0.007022
0 0.390858 0.364291 0.003731 0.005969
0 0.671409 0.359726 0.003265 0.005267
0 0.559818 0.354986 0.005364 0.003511
0 0.461404 0.354986 0.002565 0.004213
0 0.402635 0.356742 0.004431 0.007725
0 0.711287 0.349544 0.003731 0.005267
0 0.823228 0.349017 0.004198 0.005618
0 0.593167 0.339185 0.003032 0.004213
0 0.530434 0.331285 0.004431 0.007374
0 0.613223 0.308111 0.005364 0.007374
0 0.156600 0.301791 0.004897 0.007374
0 0.513993 0.299508 0.002799 0.004916
0 0.518657 0.299333 0.003265 0.005267
0 0.755247 0.299508 0.003965 0.006320
0 0.621852 0.295646 0.003032 0.004916
0 0.668727 0.292837 0.005830 0.009129
0 0.655784 0.280372 0.003731 0.005267
0 0.410914 0.274403 0.002799 0.004565
0 0.708955 0.254565 0.004664 0.006320
0 0.627332 0.252282 0.004198 0.005969
0 0.768190 0.247015 0.004198 0.005267
0 0.512943 0.245611 0.005364 0.008076
0 0.524370 0.244558 0.004431 0.006671
0 0.469450 0.231215 0.003731 0.005267
0 0.744636 0.206812 0.007463 0.010534
0 0.665112 0.200492 0.002799 0.004213
0 0.475513 0.201896 0.005131 0.007022
0 0.791628 0.195400 0.002099 0.003862
0 0.476329 0.192065 0.004431 0.006320
0 0.464086 0.185920 0.003731 0.005267
0 0.485541 0.166433 0.006530 0.008427
0 0.604478 0.151510 0.004664 0.007374
0 0.400420 0.148876 0.003731 0.006320
0 0.734725 0.081461 0.003965 0.006320
1 0.539995 0.955232 0.009095 0.008076
1 0.674674 0.958743 0.013526 0.017907
1 0.549090 0.922753 0.003498 0.010534
1 0.654618 0.929951 0.024254 0.041081
1 0.283116 0.914326 0.013993 0.023876
1 0.543377 0.905899 0.004664 0.012640
1 0.526819 0.896419 0.013060 0.016854
1 0.649837 0.830583 0.018424 0.019312
1 0.498134 0.824789 0.013060 0.009129
1 0.450210 0.806355 0.009562 0.009480
1 0.161964 0.816713 0.010961 0.035112
1 0.567864 0.781426 0.007929 0.007374
1 0.192747 0.779319 0.003032 0.008076
1 0.495103 0.776159 0.007929 0.006671
1 0.144706 0.790028 0.018424 0.037219
1 0.457556 0.770365 0.009795 0.006320
1 0.490555 0.769838 0.005830 0.005969
1 0.491954 0.759129 0.010961 0.009831
1 0.445546 0.754213 0.008629 0.010534
1 0.184585 0.750702 0.004431 0.010534
1 0.428288 0.746489 0.015159 0.009129
1 0.175956 0.751756 0.005364 0.025281
1 0.788130 0.722261 0.007696 0.009831
1 0.434352 0.715239 0.009562 0.012640
1 0.811567 0.713483 0.007929 0.013343
1 0.202659 0.713308 0.005131 0.014396
1 0.734258 0.706812 0.007229 0.014747
1 0.497318 0.703125 0.009095 0.010183
1 0.364622 0.708567 0.052006 0.056882
1 0.764459 0.680829 0.002799 0.008427
1 0.166395 0.708392 0.056203 0.080407
1 0.156716 0.668013 0.055037 0.045295
1 0.751049 0.634831 0.010494 0.009831
1 0.808769 0.630618 0.012127 0.013343
1 0.842118 0.611131 0.009328 0.016503
1 0.793027 0.608497 0.007229 0.011236
1 0.670592 0.595506 0.005830 0.014747
1 0.778801 0.591292 0.004897 0.011938
1 0.833489 0.572331 0.009795 0.009831
1 0.679804 0.575316 0.011660 0.016503
1 0.795942 0.580758 0.018657 0.038624
1 0.364972 0.555829 0.018190 0.008427
1 0.357160 0.544242 0.021688 0.010534
1 0.788946 0.535463 0.009795 0.018961
1 0.811334 0.529143 0.007463 0.013343
1 0.684118 0.522296 0.012360 0.011587
1 0.398554 0.522823 0.027052 0.014045
1 0.744636 0.522647 0.011194 0.017205
1 0.458839 0.512816 0.007696 0.010183
1 0.562617 0.511412 0.006297 0.011587
1 0.088153 0.517907 0.034981 0.038624
1 0.354011 0.514572 0.031716 0.038272
1 0.778451 0.490695 0.010728 0.021419
1 0.125466 0.489115 0.009328 0.022472
1 0.185518 0.502809 0.028218 0.052669
1 0.788596 0.479284 0.011427 0.019663
1 0.077425 0.473841 0.019123 0.025632
1 0.494053 0.455056 0.006763 0.006320
1 0.761194 0.464537 0.028918 0.045646
1 0.805387 0.445751 0.009562 0.012289
1 0.553755 0.445576 0.007229 0.015449
1 0.596549 0.460499 0.011660 0.045997
1 0.679571 0.440133 0.009795 0.027037
1 0.631297 0.406074 0.008862 0.012289
1 0.530667 0.388518 0.010961 0.003862
1 0.515858 0.387816 0.008862 0.008076
1 0.640275 0.376404 0.005364 0.013343
1 0.692514 0.379916 0.012826 0.023876
1 0.109025 0.374649 0.015625 0.016854
1 0.765042 0.372542 0.008629 0.017556
1 0.578825 0.364466 0.012593 0.015449
1 0.622785 0.373771 0.025420 0.037570
1 0.173857 0.364291 0.015159 0.024228
1 0.569380 0.349192 0.010028 0.011587
1 0.643540 0.349192 0.008162 0.014396
1 0.151586 0.341468 0.011660 0.011587
1 0.119053 0.343750 0.036147 0.025983
1 0.578008 0.330758 0.017957 0.025983
1 0.649137 0.312500 0.009095 0.013343
1 0.542211 0.308989 0.017257 0.011938
1 0.467467 0.320751 0.038946 0.039677
1 0.658932 0.304073 0.008162 0.016152
1 0.635961 0.298279 0.009328 0.012992
1 0.615672 0.291784 0.008862 0.006320
1 0.458839 0.291081 0.005364 0.007022
1 0.758745 0.291784 0.007229 0.011236
1 0.542094 0.291257 0.006297 0.019312
1 0.645056 0.283357 0.007463 0.013343
1 0.565299 0.292486 0.025187 0.036517
1 0.554571 0.277388 0.012593 0.022472
1 0.117304 0.281074 0.019590 0.039677
1 0.549557 0.262465 0.015625 0.019312
1 0.819613 0.247893 0.010494 0.012640
1 0.144007 0.260885 0.022155 0.047051
1 0.594799 0.258954 0.035215 0.053020
1 0.672341 0.238940 0.023321 0.033357
1 0.230760 0.225421 0.010028 0.018961
1 0.521572 0.214361 0.007696 0.012289
1 0.733675 0.221208 0.018190 0.034410
1 0.723298 0.189782 0.011427 0.016503
1 0.580690 0.198385 0.050373 0.044242
1 0.763410 0.178195 0.027752 0.020716
1 0.640275 0.123596 0.076259 0.064607
1 0.728778 0.086376 0.007463 0.010534
1 0.411381 0.035990 0.020989 0.030548
1 0.362057 0.037395 0.031017 0.038975
2 0.635844 0.890098 0.001632 0.002809
2 0.646572 0.885885 0.002099 0.003511
2 0.619753 0.885534 0.007229 0.007725
2 0.259678 0.885534 0.005364 0.007725
2 0.648554 0.871489 0.002332 0.002809
2 0.676656 0.840765 0.002099 0.003160
2 0.475163 0.814607 0.002099 0.004213
2 0.218983 0.810393 0.006530 0.007725
2 0.479711 0.803722 0.001866 0.002809
2 0.660448 0.802142 0.001866 0.002458
2 0.506880 0.800386 0.002099 0.004565
2 0.463736 0.797753 0.002565 0.005618
2 0.540462 0.788448 0.001166 0.001756
2 0.494520 0.786517 0.002099 0.003511
2 0.479594 0.782654 0.001632 0.002809
2 0.523554 0.782830 0.001866 0.007374
2 0.525886 0.779143 0.001399 0.004213
2 0.465485 0.778090 0.001866 0.002809
2 0.535914 0.776861 0.003265 0.006671
2 0.410914 0.772999 0.001866 0.003862
2 0.485075 0.774228 0.004664 0.008427
2 0.526586 0.768961 0.002332 0.004213
2 0.465835 0.768083 0.001632 0.003160
2 0.500117 0.768961 0.003965 0.007022
2 0.490089 0.766327 0.002099 0.002458
2 0.410681 0.766678 0.001866 0.003160
2 0.446712 0.766503 0.002565 0.003511
2 0.524720 0.765449 0.001866 0.003511
2 0.459538 0.765098 0.004897 0.004213
2 0.557020 0.761236 0.002099 0.002809
2 0.552472 0.763869 0.004198 0.008778
2 0.509328 0.763694 0.007929 0.010534
2 0.460938 0.759129 0.000700 0.002107
2 0.483442 0.760885 0.006996 0.007725
2 0.530900 0.757198 0.002565 0.005969
2 0.406716 0.754565 0.002332 0.002107
2 0.485774 0.754565 0.002332 0.003511
2 0.425723 0.754740 0.001632 0.004565
2 0.491838 0.754213 0.004664 0.004916
2 0.422808 0.753160 0.002799 0.004213
2 0.408815 0.753511 0.003265 0.004916
2 0.467234 0.751931 0.002099 0.003862
2 0.463853 0.751580 0.001866 0.003160
2 0.565415 0.751580 0.002565 0.003862
2 0.478078 0.749473 0.001866 0.003862
2 0.529151 0.751229 0.005131 0.008778
2 0.466301 0.749298 0.002099 0.004916
2 0.527752 0.747718 0.001866 0.002458
2 0.507463 0.750000 0.008396 0.008427
2 0.456856 0.747367 0.002332 0.005267
2 0.516441 0.747893 0.007229 0.007022
2 0.383046 0.745962 0.001632 0.003160
2 0.436217 0.744031 0.002565 0.003511
2 0.512010 0.743153 0.002565 0.003160
2 0.396572 0.743504 0.002565 0.003862
2 0.531600 0.743329 0.004897 0.005618
2 0.592118 0.743680 0.003265 0.007022
2 0.392607 0.742275 0.002099 0.004213
2 0.477845 0.742802 0.005597 0.008076
2 0.385611 0.741397 0.002565 0.005267
2 0.490555 0.740344 0.002565 0.004565
2 0.527519 0.738413 0.002332 0.001404
2 0.487057 0.740520 0.002099 0.005618
2 0.454874 0.735955 0.001632 0.002809
2 0.460121 0.735955 0.004664 0.006320
2 0.452892 0.734551 0.002332 0.003511
2 0.522155 0.734024 0.003731 0.006671
2 0.547691 0.735779 0.003965 0.010885
2 0.451726 0.731390 0.001399 0.002107
2 0.507696 0.731039 0.001866 0.003511
2 0.517024 0.729459 0.002332 0.003160
2 0.504081 0.728933 0.002565 0.004213
2 0.580924 0.727879 0.002332 0.002809
2 0.411031 0.727704 0.001632 0.002458
2 0.480061 0.728230 0.004431 0.004213
2 0.500933 0.726299 0.002332 0.003862
2 0.557369 0.726124 0.003265 0.004213
2 0.475163 0.726650 0.002565 0.005267
2 0.524487 0.724895 0.002332 0.003160
2 0.533582 0.726124 0.003265 0.007725
2 0.433535 0.723490 0.001399 0.002458
2 0.442747 0.723666 0.003032 0.003511
2 0.494869 0.723490 0.001866 0.003862
2 0.416744 0.722612 0.001399 0.002107
2 0.482043 0.721383 0.001866 0.002458
2 0.523204 0.720681 0.003032 0.003160
2 0.547691 0.722261 0.006297 0.009129
2 0.528918 0.719101 0.002332 0.002809
2 0.553871 0.720681 0.005131 0.006671
2 0.484375 0.718574 0.002799 0.003862
2 0.488340 0.717521 0.003265 0.003160
2 0.496968 0.715765 0.001399 0.003160
2 0.463853 0.716468 0.001866 0.004565
2 0.507696 0.716994 0.005131 0.007022
2 0.467001 0.714888 0.002099 0.002809
2 0.515159 0.713834 0.003265 0.004916
2 0.536264 0.714185 0.002565 0.006320
2 0.526353 0.713132 0.003731 0.004916
2 0.478661 0.711903 0.002099 0.002458
2 0.511544 0.711376 0.001632 0.002809
2 0.395756 0.707514 0.002799 0.004916
2 0.487407 0.706636 0.003731 0.005267
2 0.530317 0.706636 0.004198 0.006671
2 0.403102 0.703827 0.001166 0.001756
2 0.535564 0.703827 0.001632 0.002458
2 0.571012 0.705056 0.001632 0.005618
2 0.374067 0.703827 0.001399 0.003160
2 0.471432 0.703301 0.002099 0.002809
2 0.538013 0.704178 0.003731 0.010885
2 0.571362 0.698034 0.001866 0.003511
2 0.479244 0.697507 0.003731 0.004565
2 0.554804 0.697156 0.002799 0.004565
2 0.465019 0.694522 0.001866 0.002809
2 0.507579 0.694522 0.002565 0.004213
2 0.459888 0.694171 0.002332 0.008427
2 0.376632 0.690836 0.003265 0.002458
2 0.360191 0.690309 0.001632 0.003511
2 0.479594 0.689607 0.002099 0.003511
2 0.461287 0.687500 0.001866 0.002809
2 0.579058 0.687324 0.002332 0.003862
2 0.560751 0.686096 0.002099 0.003511
2 0.548391 0.689431 0.005830 0.010183
2 0.588036 0.687676 0.003498 0.007374
2 0.489272 0.685218 0.001399 0.002458
2 0.335938 0.683462 0.002099 0.004565
2 0.612523 0.682058 0.001166 0.002458
2 0.566698 0.681355 0.002799 0.005267
2 0.525070 0.681180 0.003032 0.005618
2 0.603195 0.678371 0.001632 0.003511
2 0.342584 0.678722 0.002799 0.004916
2 0.554104 0.677844 0.002332 0.003862
2 0.511894 0.680478 0.006996 0.010534
2 0.529151 0.676966 0.001399 0.004213
2 0.637360 0.674860 0.001866 0.002809
2 0.359841 0.674333 0.000933 0.001756
2 0.421292 0.674508 0.001632 0.002809
2 0.552822 0.673806 0.002565 0.002107
2 0.474347 0.673631 0.003265 0.005267
2 0.528102 0.672577 0.002565 0.003862
2 0.520639 0.675562 0.003498 0.009831
2 0.438783 0.673455 0.003498 0.005618
2 0.614622 0.671173 0.001632 0.002458
2 0.492887 0.672226 0.003032 0.004565
2 0.617887 0.671699 0.002565 0.004916
2 0.215835 0.671699 0.003032 0.004916
2 0.532882 0.673631 0.004198 0.012289
2 0.582206 0.668188 0.001632 0.002809
2 0.343867 0.668188 0.001166 0.002809
2 0.617071 0.666959 0.001866 0.003160
2 0.330574 0.666433 0.001632 0.002107
2 0.349347 0.669242 0.005597 0.009129
2 0.497551 0.666081 0.002099 0.003511
2 0.484725 0.667486 0.003965 0.006320
2 0.411031 0.666608 0.004431 0.005969
2 0.395056 0.664326 0.001399 0.003511
2 0.339436 0.663097 0.001632 0.002458
2 0.417444 0.666608 0.007463 0.011587
2 0.368354 0.662395 0.002565 0.003160
2 0.358442 0.662746 0.002332 0.004565
2 0.319613 0.661868 0.003498 0.002809
2 0.522971 0.661517 0.002565 0.002809
2 0.426423 0.665730 0.009562 0.011938
2 0.402985 0.659937 0.001399 0.002458
2 0.598997 0.661341 0.002565 0.007374
2 0.406133 0.659059 0.001166 0.003511
2 0.577775 0.659410 0.004431 0.004916
2 0.386194 0.659059 0.002799 0.004213
2 0.375700 0.663448 0.009328 0.012992
2 0.366138 0.657830 0.003265 0.003160
2 0.409049 0.656601 0.000933 0.001404
2 0.489739 0.657479 0.002332 0.003862
2 0.327192 0.656426 0.002332 0.002458
2 0.503148 0.658532 0.005364 0.008778
2 0.483326 0.655372 0.002099 0.003862
2 0.415229 0.656426 0.003032 0.005969
2 0.526119 0.655723 0.004198 0.006671
2 0.588503 0.652212 0.001632 0.002458
2 0.601679 0.651861 0.001866 0.002458
2 0.323811 0.650456 0.001632 0.002458
2 0.494286 0.650456 0.002565 0.003862
2 0.429338 0.650808 0.002799 0.004565
2 0.420826 0.652388 0.005364 0.008427
2 0.691698 0.649228 0.002799 0.003511
2 0.506180 0.649579 0.002565 0.004213
2 0.497201 0.650105 0.002332 0.005267
2 0.474114 0.655899 0.012593 0.018258
2 0.390042 0.647121 0.001632 0.007022
2 0.588036 0.645716 0.003032 0.004916
2 0.480177 0.644663 0.002332 0.003511
2 0.494520 0.643785 0.002099 0.002458
2 0.344566 0.646243 0.005364 0.009480
2 0.366488 0.642205 0.002565 0.003511
2 0.434118 0.644663 0.007229 0.009129
2 0.597948 0.640976 0.001866 0.002458
2 0.355877 0.645190 0.004664 0.014396
2 0.422575 0.639396 0.001866 0.004213
2 0.389226 0.640274 0.003265 0.007374
2 0.608326 0.639396 0.003965 0.006320
2 0.599464 0.635534 0.001166 0.002809
2 0.585938 0.635534 0.003032 0.003511
2 0.650653 0.634656 0.001399 0.002458
2 0.584422 0.633603 0.001866 0.003160
2 0.592234 0.632725 0.001632 0.002107
2 0.581740 0.632900 0.001166 0.002458
2 0.613573 0.632549 0.001866 0.003160
2 0.348414 0.632374 0.003731 0.004213
2 0.649720 0.630618 0.001399 0.003511
2 0.632929 0.630091 0.002799 0.002458
2 0.630131 0.629916 0.002332 0.002809
2 0.619986 0.629740 0.001632 0.002458
2 0.413013 0.630267 0.005597 0.007022
2 0.604361 0.627107 0.002565 0.003511
2 0.584188 0.626931 0.001866 0.003160
2 0.595149 0.627458 0.002799 0.007725
2 0.602146 0.623771 0.001866 0.002458
2 0.586521 0.621489 0.001866 0.002107
2 0.601446 0.620962 0.001866 0.002458
2 0.629431 0.620611 0.001866 0.003160
2 0.596199 0.620260 0.001632 0.002458
2 0.515975 0.621138 0.002565 0.004213
2 0.582556 0.620787 0.002332 0.004213
2 0.494753 0.619206 0.002099 0.003862
2 0.625350 0.612886 0.002099 0.003160
2 0.588853 0.613062 0.001866 0.004213
2 0.599230 0.610428 0.001632 0.002458
2 0.568563 0.608322 0.001399 0.002458
2 0.607626 0.608322 0.002565 0.003862
2 0.632929 0.607795 0.002799 0.003511
2 0.499883 0.605688 0.001166 0.002809
2 0.567864 0.604459 0.001399 0.003160
2 0.347132 0.596559 0.003965 0.005618
2 0.508745 0.593574 0.001166 0.002458
2 0.374767 0.583743 0.000933 0.001756
2 0.576376 0.580232 0.007696 0.007374
2 0.359608 0.574438 0.001399 0.002809
2 0.587920 0.571805 0.002799 0.006671
2 0.555620 0.570049 0.002565 0.003862
2 0.593750 0.571629 0.004664 0.009129
2 0.580340 0.570225 0.006297 0.007725
2 0.344450 0.571103 0.005131 0.010183
2 0.575210 0.569347 0.005830 0.008076
2 0.552006 0.568645 0.002799 0.006671
2 0.119869 0.567591 0.004198 0.007374
2 0.562383 0.561798 0.002099 0.002107
2 0.553521 0.562149 0.003032 0.004213
2 0.581740 0.556004 0.001632 0.003862
2 0.619520 0.555126 0.006763 0.011236
2 0.584538 0.551791 0.003032 0.008778
2 0.552938 0.547402 0.001866 0.001404
2 0.618937 0.546173 0.001399 0.002458
2 0.608442 0.546348 0.001399 0.002809
2 0.545359 0.547577 0.005830 0.008778
2 0.630480 0.548279 0.004897 0.012289
2 0.550257 0.543539 0.001632 0.003511
2 0.572295 0.547226 0.011194 0.023525
2 0.500466 0.534937 0.001399 0.003160
2 0.557603 0.533006 0.000933 0.001404
2 0.625466 0.525983 0.001399 0.002107
2 0.515742 0.525105 0.001632 0.003160
2 0.605877 0.524052 0.002332 0.003862
2 0.580457 0.522647 0.000933 0.001756
2 0.623951 0.521594 0.001632 0.003160
2 0.627565 0.519312 0.001866 0.002809
2 0.530201 0.516503 0.007229 0.013343
2 0.559235 0.512114 0.002799 0.007374
2 0.620569 0.508603 0.004198 0.005969
2 0.555854 0.503336 0.002099 0.003160
2 0.628148 0.502985 0.002099 0.003160
2 0.538479 0.501404 0.001399 0.002107
2 0.626516 0.500702 0.001166 0.002107
2 0.549674 0.501229 0.002332 0.003862
2 0.597948 0.496489 0.001399 0.002809
2 0.629897 0.496489 0.002332 0.004213
2 0.633512 0.495435 0.002099 0.003511
2 0.120219 0.495435 0.002099 0.004916
2 0.546525 0.493329 0.003498 0.004213
2 0.480644 0.491573 0.001399 0.002107
2 0.504198 0.486657 0.000933 0.001404
2 0.537896 0.487008 0.001632 0.002809
2 0.554338 0.487008 0.001866 0.003511
2 0.548041 0.485604 0.001399 0.003511
2 0.540812 0.491397 0.006996 0.016503
2 0.619170 0.482971 0.001866 0.002458
2 0.095965 0.482795 0.002099 0.003511
2 0.346432 0.480688 0.002099 0.004916
2 0.535098 0.479459 0.002099 0.003862
2 0.565065 0.478055 0.001866 0.004565
2 0.530784 0.476826 0.001866 0.003511
2 0.540345 0.475421 0.001866 0.002809
2 0.604594 0.474368 0.002565 0.007022
2 0.504664 0.468750 0.000933 0.001404
2 0.373251 0.458743 0.006297 0.008076
2 0.114272 0.455056 0.002332 0.004916
2 0.637710 0.453652 0.001632 0.002809
2 0.562383 0.453827 0.002099 0.003160
2 0.344100 0.456461 0.002099 0.008427
2 0.347481 0.455407 0.004664 0.011236
2 0.525420 0.450667 0.001866 0.003160
2 0.364039 0.449965 0.003731 0.005969
2 0.519590 0.447331 0.002332 0.002809
2 0.623834 0.448560 0.003265 0.007374
2 0.583256 0.442065 0.002332 0.003511
2 0.359025 0.440309 0.002099 0.003511
2 0.379664 0.437500 0.001866 0.002809
2 0.350630 0.441538 0.003032 0.010885
2 0.372318 0.431882 0.002565 0.003511
2 0.516091 0.434867 0.009328 0.011587
2 0.746385 0.430829 0.002565 0.004916
2 0.612990 0.430653 0.003498 0.005969
2 0.481110 0.430829 0.003731 0.007725
2 0.519706 0.428546 0.002099 0.003862
2 0.403918 0.423631 0.001866 0.003160
2 0.460704 0.422051 0.001166 0.002107
2 0.511894 0.422577 0.002332 0.003862
2 0.484608 0.421699 0.004664 0.004213
2 0.581740 0.419417 0.001166 0.001756
2 0.657766 0.417486 0.002099 0.003511
2 0.474464 0.416257 0.001632 0.004565
2 0.384795 0.413272 0.002332 0.002809
2 0.386894 0.409059 0.002332 0.003511
2 0.576026 0.409761 0.005131 0.005618
2 0.371502 0.406074 0.001866 0.003160
2 0.404035 0.403265 0.002565 0.003862
2 0.617421 0.399228 0.003498 0.004916
2 0.498601 0.400105 0.003265 0.006671
2 0.383046 0.398525 0.005830 0.011236
2 0.482043 0.393961 0.002332 0.004916
2 0.615788 0.393083 0.002565 0.005267
2 0.470266 0.392907 0.003498 0.006320
2 0.504548 0.390449 0.002099 0.003511
2 0.403918 0.388869 0.001399 0.001756
2 0.429921 0.390098 0.002565 0.009129
2 0.599347 0.386763 0.003265 0.005267
2 0.466185 0.383427 0.001866 0.002809
2 0.437850 0.385183 0.009562 0.007725
2 0.416395 0.382900 0.001632 0.003862
2 0.607043 0.383603 0.004198 0.006671
2 0.497085 0.382549 0.003965 0.006671
2 0.660914 0.385885 0.005597 0.014045
2 0.488340 0.378511 0.005597 0.004916
2 0.584305 0.381145 0.004897 0.012289
2 0.588619 0.372015 0.003265 0.005267
2 0.424324 0.376053 0.009562 0.013343
2 0.434002 0.370611 0.002332 0.004565
2 0.661964 0.365871 0.001166 0.001404
2 0.372551 0.366749 0.001632 0.003160
2 0.430620 0.366749 0.002099 0.003862
2 0.467001 0.363764 0.002099 0.003511
2 0.545709 0.363588 0.003731 0.004565
2 0.597015 0.365520 0.003731 0.010534
2 0.590485 0.362184 0.002332 0.007374
2 0.423158 0.359024 0.001632 0.002458
2 0.476562 0.356215 0.002565 0.003160
2 0.654967 0.355513 0.003498 0.003160
2 0.414412 0.355337 0.002799 0.004213
2 0.433535 0.354459 0.001866 0.003862
2 0.473764 0.353230 0.003032 0.003511
2 0.595732 0.354635 0.003032 0.008427
2 0.477962 0.351124 0.001632 0.007725
2 0.657649 0.347437 0.001866 0.002458
2 0.433069 0.347437 0.001399 0.002458
2 0.661730 0.345681 0.002099 0.003160
2 0.461521 0.344101 0.001866 0.003511
2 0.497901 0.349895 0.006530 0.015801
2 0.465019 0.341292 0.001866 0.003511
2 0.437500 0.336201 0.002332 0.003160
2 0.441465 0.337079 0.003265 0.008427
2 0.469333 0.330583 0.001632 0.002458
2 0.512593 0.325140 0.001866 0.003511
2 0.513293 0.320576 0.001866 0.002809
2 0.592118 0.321805 0.003731 0.008778
2 0.423624 0.320049 0.004897 0.006671
2 0.499534 0.313027 0.005597 0.006671
2 0.478312 0.310042 0.004198 0.004916
2 0.451143 0.301615 0.002099 0.003511
2 0.667327 0.299508 0.002565 0.004213
2 0.677938 0.285990 0.002799 0.005267
2 0.628148 0.283708 0.001632 0.002809
2 0.467467 0.280548 0.003032 0.006320
2 0.525303 0.276685 0.002099 0.003511
2 0.471898 0.262992 0.001632 0.004916
2 0.476096 0.256496 0.002099 0.003862
2 0.462687 0.254213 0.001866 0.002809
2 0.476096 0.250527 0.001166 0.001756
2 0.490205 0.246840 0.001866 0.002809
2 0.479944 0.243153 0.002332 0.003862
2 0.493470 0.228581 0.002332 0.004916
2 0.486007 0.224895 0.002332 0.003862
2 0.493470 0.220330 0.002332 0.003862
2 0.486590 0.219101 0.003498 0.006320
2 0.489739 0.218574 0.002799 0.005969
2 0.497318 0.215414 0.001632 0.005267
2 0.488223 0.212430 0.003498 0.004213
2 0.481343 0.216292 0.006530 0.011938
2 0.493237 0.208392 0.003731 0.008076
2 0.260028 0.168188 0.006996 0.008427
3 0.148204 0.841994 0.018424 0.035815