0 0.512360 0.982268 0.006063 0.009480
0 0.520522 0.974895 0.005131 0.011587
0 0.607626 0.933989 0.005830 0.008427
0 0.603428 0.920646 0.004897 0.007022
0 0.382463 0.918539 0.006063 0.009129
0 0.599697 0.907830 0.006763 0.008778
0 0.200093 0.900105 0.003265 0.005969
0 0.219216 0.891152 0.007929 0.011236
0 0.368820 0.856215 0.005364 0.007374
0 0.383279 0.830407 0.004431 0.006320
0 0.234375 0.813202 0.006530 0.009831
0 0.396339 0.807760 0.006297 0.008076
0 0.231693 0.756320 0.006297 0.009831
0 0.495802 0.732093 0.006063 0.007725
0 0.542094 0.717170 0.008629 0.013694
0 0.288013 0.696103 0.006530 0.008778
0 0.270639 0.694698 0.003965 0.006671
0 0.312500 0.695225 0.006063 0.009831
0 0.261194 0.693645 0.004664 0.006671
0 0.469566 0.642205 0.005830 0.008427
0 0.602495 0.589888 0.008629 0.011236
0 0.408582 0.580934 0.008396 0.008076
0 0.602262 0.574263 0.007229 0.011587
0 0.234958 0.561447 0.006763 0.010534
0 0.332090 0.560218 0.007463 0.010183
0 0.306903 0.523876 0.007929 0.012640
0 0.834422 0.510709 0.007463 0.010885
0 0.266091 0.500527 0.004664 0.005267
0 0.331973 0.496840 0.004431 0.009129
0 0.191581 0.494733 0.008162 0.011236
0 0.266908 0.484902 0.004431 0.008427
0 0.286614 0.469979 0.003731 0.005267
0 0.559935 0.461552 0.004664 0.007374
0 0.506180 0.461025 0.004431 0.007022
0 0.267724 0.459621 0.005131 0.008427
0 0.139925 0.458567 0.008396 0.013343
0 0.570079 0.450667 0.006297 0.008076
0 0.132346 0.441011 0.006297 0.011236
0 0.487290 0.426615 0.006763 0.009129
0 0.240672 0.418013 0.008862 0.008076
0 0.282882 0.417310 0.006530 0.012992
0 0.212803 0.397121 0.005830 0.008427
0 0.294076 0.351826 0.008862 0.014747
0 0.303871 0.335674 0.011194 0.009129
0 0.405084 0.322156 0.006063 0.008778
0 0.253615 0.300035 0.009095 0.014396
0 0.132579 0.215590 0.006763 0.009831
0 0.733326 0.173279 0.008162 0.015801
0 0.758046 0.153617 0.005364 0.010885
0 0.752332 0.148701 0.003731 0.005267
0 0.691931 0.087956 0.008862 0.015098
0 0.472715 0.070927 0.006063 0.007725
0 0.388293 0.026334 0.012593 0.016854
0 0.438433 0.021419 0.008396 0.011236
1 0.267724 0.972261 0.005131 0.005618
1 0.631880 0.961552 0.028685 0.024228
1 0.538479 0.941889 0.007929 0.008076
1 0.473997 0.900983 0.012360 0.011938
1 0.582323 0.897647 0.014459 0.022823
1 0.520173 0.887465 0.007696 0.014396
1 0.299324 0.699614 0.008629 0.009480
1 0.254314 0.699087 0.005364 0.018961
1 0.424790 0.587079 0.015159 0.030899
1 0.257929 0.562676 0.013526 0.013694
1 0.579874 0.562324 0.016091 0.018610
1 0.513060 0.471208 0.009795 0.016152
1 0.361940 0.385534 0.013993 0.019663
1 0.571945 0.375702 0.017957 0.021067
1 0.164646 0.376756 0.013993 0.023876
1 0.438200 0.370962 0.039646 0.027037
1 0.186101 0.344452 0.017724 0.037921
1 0.203242 0.326018 0.009562 0.018610
1 0.222715 0.314782 0.014459 0.032654
1 0.284981 0.282479 0.018190 0.035463
1 0.271339 0.254565 0.017957 0.031601
1 0.117771 0.240169 0.020522 0.058989
1 0.209538 0.160288 0.015159 0.014396
1 0.182603 0.120084 0.010261 0.018258
1 0.255830 0.095857 0.048041 0.051264
2 0.231810 0.854986 0.003265 0.009129
2 0.412430 0.840063 0.004897 0.015801
2 0.467467 0.834621 0.007696 0.011938
2 0.463969 0.813027 0.014692 0.012289
2 0.382463 0.808813 0.004198 0.006671
2 0.340835 0.805302 0.007229 0.009480
2 0.416395 0.805302 0.007229 0.017205
2 0.358092 0.794242 0.008629 0.008427
2 0.331157 0.793364 0.006530 0.006671
2 0.379314 0.801440 0.037080 0.031250
2 0.440065 0.784586 0.005131 0.008076
2 0.460471 0.782128 0.010028 0.015801
2 0.693563 0.778617 0.009795 0.010885
2 0.274137 0.774579 0.004431 0.007725
2 0.337920 0.771067 0.008862 0.016854
2 0.307369 0.767907 0.004198 0.013343
2 0.437617 0.765274 0.007696 0.010183
2 0.315882 0.760534 0.004431 0.009831
2 0.446945 0.764221 0.010028 0.017907
2 0.416045 0.749473 0.008862 0.010885
2 0.331390 0.740169 0.004664 0.006320
2 0.419893 0.734551 0.005364 0.009129
2 0.435984 0.741924 0.020289 0.029494
2 0.359608 0.720330 0.008862 0.012289
2 0.371502 0.718399 0.014459 0.016152
2 0.345616 0.715765 0.012593 0.027037
2 0.354594 0.704881 0.007229 0.010885
2 0.334072 0.707338 0.008629 0.016503
2 0.388176 0.686622 0.017957 0.015098
2 0.352495 0.678897 0.003965 0.007374
2 0.427705 0.692942 0.013060 0.040379
2 0.441814 0.677493 0.006763 0.012992
2 0.359958 0.675562 0.004897 0.009129
2 0.333022 0.667310 0.005597 0.008076
2 0.354944 0.660639 0.005597 0.010183
2 0.215135 0.673631 0.017957 0.041081
2 0.344799 0.656426 0.005830 0.007374
2 0.364506 0.660288 0.006530 0.017907
2 0.254314 0.650105 0.004897 0.008076
2 0.216301 0.645190 0.012360 0.024228
2 0.233326 0.655372 0.020756 0.045997
2 0.278568 0.633076 0.014692 0.024579
2 0.293377 0.619558 0.005597 0.009480
2 0.243237 0.623596 0.012127 0.018258
2 0.364039 0.622718 0.015858 0.024930
2 0.317864 0.593399 0.007929 0.009129
2 0.560168 0.583919 0.004664 0.007725
2 0.296059 0.591468 0.010961 0.029846
2 0.332789 0.575316 0.007929 0.010885
2 0.315998 0.573385 0.010261 0.015449
2 0.269706 0.566011 0.009095 0.014045
2 0.341535 0.560042 0.005364 0.007022
2 0.296175 0.559164 0.010261 0.023525
2 0.262360 0.551088 0.004198 0.008778
2 0.284398 0.555829 0.010961 0.020365
2 0.454757 0.548631 0.006996 0.011587
2 0.318680 0.546699 0.006763 0.012640
2 0.208955 0.581987 0.049440 0.100070
2 0.435634 0.533357 0.010261 0.009129
2 0.248368 0.533532 0.007929 0.010885
2 0.350163 0.522121 0.005830 0.008427
2 0.342701 0.518083 0.005364 0.007374
2 0.376399 0.559691 0.048041 0.095506
2 0.421758 0.512465 0.005830 0.009480
2 0.251516 0.512289 0.007229 0.009129
2 0.283349 0.525456 0.036381 0.036868
2 0.372201 0.506671 0.002332 0.002809
2 0.181087 0.518083 0.012826 0.027739
2 0.220616 0.509480 0.006063 0.011236
2 0.195079 0.520190 0.017491 0.035463
2 0.375000 0.502107 0.004664 0.002809
2 0.470849 0.503511 0.004664 0.009831
2 0.141441 0.503511 0.007229 0.011938
2 0.354827 0.504740 0.015159 0.017205
2 0.150653 0.498596 0.003731 0.004916
2 0.368004 0.497367 0.003265 0.004565
2 0.460005 0.494206 0.012826 0.012289
2 0.439949 0.492275 0.005830 0.011938
2 0.371968 0.484902 0.003731 0.004916
2 0.402519 0.495260 0.019123 0.034059
2 0.585821 0.481390 0.005131 0.008427
2 0.550023 0.480162 0.003965 0.005969
2 0.487873 0.484375 0.006996 0.014396
2 0.429221 0.480162 0.006763 0.010183
2 0.472598 0.481039 0.008629 0.013343
2 0.335821 0.475772 0.004664 0.007725
2 0.454641 0.479810 0.022621 0.017907
2 0.383979 0.471559 0.004897 0.007725
2 0.608559 0.470330 0.004897 0.009480
2 0.601679 0.468223 0.006063 0.010885
2 0.241954 0.463834 0.007229 0.011236
2 0.396455 0.458567 0.003731 0.004916
2 0.225163 0.456110 0.004431 0.004916
2 0.592118 0.449965 0.005131 0.005267
2 0.225047 0.448385 0.002799 0.002809
2 0.337337 0.451018 0.005830 0.013694
2 0.273438 0.455934 0.012826 0.025632
2 0.393890 0.445751 0.006530 0.014396
2 0.391908 0.435920 0.003965 0.005969
2 0.394590 0.425737 0.002332 0.003160
2 0.166395 0.450843 0.018424 0.054775
2 0.411381 0.448912 0.024254 0.054424
2 0.345266 0.423631 0.004431 0.005969
2 0.325910 0.420646 0.003965 0.007725
2 0.336987 0.419768 0.004198 0.007374
2 0.445079 0.436973 0.019356 0.045295
2 0.455340 0.408181 0.006297 0.010183
2 0.400070 0.400983 0.010028 0.016854
2 0.387127 0.390976 0.005131 0.005267
2 0.364272 0.423455 0.040578 0.074438
2 0.489855 0.394838 0.022155 0.020716
2 0.193913 0.388518 0.006297 0.008778
2 0.472598 0.386236 0.011427 0.014747
2 0.298041 0.367802 0.011194 0.017205
2 0.263993 0.363588 0.008396 0.012289
2 0.248717 0.358322 0.010028 0.012289
2 0.593633 0.358848 0.005830 0.014045
2 0.476213 0.354810 0.007463 0.012289
2 0.541045 0.344979 0.010728 0.012992
2 0.244286 0.341117 0.008629 0.013694
2 0.385028 0.317591 0.016325 0.019312
2 0.493120 0.308813 0.004897 0.004565
2 0.307603 0.308287 0.006063 0.006320
2 0.362174 0.304073 0.006996 0.010534
2 0.397971 0.301966 0.006297 0.009129
2 0.322062 0.292837 0.005597 0.007022
2 0.389576 0.293188 0.005364 0.008427
2 0.494869 0.292486 0.008862 0.011938
2 0.344216 0.300386 0.015392 0.027739
2 0.429338 0.286868 0.007463 0.014747
2 0.418027 0.282654 0.006763 0.007725
2 0.350396 0.273701 0.008162 0.012289
2 0.400536 0.273350 0.011427 0.017907
2 0.437500 0.268258 0.008396 0.008427
2 0.426656 0.267556 0.007696 0.011236
2 0.338503 0.265274 0.009095 0.014396
2 0.394473 0.255091 0.010028 0.014396
2 0.351096 0.252985 0.007696 0.015098
2 0.339902 0.243504 0.009562 0.012992
2 0.221432 0.236131 0.005364 0.010183
2 0.325676 0.231917 0.014692 0.015098
2 0.375466 0.221735 0.005597 0.008778
2 0.280201 0.203301 0.005830 0.006320