0 0.214552 0.830056 0.004198 0.006320
0 0.136194 0.593574 0.004198 0.006671
0 0.252099 0.357093 0.005131 0.006320
0 0.218633 0.343574 0.003032 0.005267
0 0.208022 0.294768 0.003731 0.006671
0 0.419193 0.245260 0.003032 0.004565
0 0.328242 0.211201 0.003032 0.004565
0 0.648088 0.188027 0.004198 0.005969
0 0.322178 0.091994 0.002565 0.004213
1 0.449627 0.823385 0.007929 0.018258
1 0.443797 0.818469 0.010261 0.018961
1 0.337803 0.595506 0.012826 0.030899
1 0.427122 0.256671 0.008629 0.011236
2 0.200443 0.836376 0.002565 0.004916
2 0.190065 0.830232 0.006996 0.006671
2 0.454174 0.827072 0.002565 0.003862
2 0.177589 0.826896 0.004431 0.008427
2 0.188433 0.823209 0.008396 0.006671
2 0.439132 0.818996 0.001866 0.003160
2 0.457673 0.814080 0.004897 0.005969
2 0.202076 0.823560 0.010028 0.026334
2 0.174090 0.818820 0.013759 0.016854
2 0.177822 0.807584 0.003498 0.011938
2 0.157999 0.798806 0.004431 0.008427
2 0.163829 0.793890 0.003498 0.004213
2 0.438783 0.791081 0.004897 0.004916
2 0.219450 0.791433 0.006063 0.007022
2 0.177239 0.788272 0.003265 0.006320
2 0.194263 0.788272 0.009795 0.011236
2 0.161031 0.786517 0.003032 0.007725
2 0.213503 0.784586 0.005364 0.005267
2 0.167677 0.788097 0.008396 0.012992
2 0.222598 0.784235 0.005830 0.007374
2 0.201143 0.783883 0.006763 0.010183
2 0.243004 0.777037 0.001399 0.002809
2 0.407882 0.771243 0.006996 0.009480
2 0.203008 0.767732 0.004897 0.005267
2 0.213619 0.755618 0.002799 0.002809
2 0.217934 0.750000 0.002099 0.004213
2 0.202892 0.750176 0.005131 0.007374
2 0.201259 0.722963 0.003731 0.003511
2 0.178871 0.724368 0.004664 0.006320
2 0.260728 0.715590 0.001866 0.002107
2 0.198228 0.668715 0.003265 0.005267
2 0.178521 0.634656 0.002565 0.003862
2 0.137826 0.617626 0.005131 0.007022
2 0.349230 0.605864 0.003498 0.007374
2 0.707323 0.601650 0.004664 0.008076
2 0.821828 0.596383 0.006063 0.009480
2 0.348647 0.588834 0.003731 0.005618
2 0.350047 0.583919 0.001399 0.001404
2 0.321362 0.584094 0.001399 0.002458
2 0.344799 0.581461 0.002099 0.002107
2 0.345382 0.576194 0.003731 0.004916
2 0.352029 0.573560 0.002565 0.002458
2 0.340485 0.574263 0.006063 0.008778
2 0.327192 0.574438 0.009795 0.009129
2 0.318797 0.572331 0.006063 0.014045
2 0.343517 0.566889 0.003265 0.004565
2 0.346432 0.564080 0.002099 0.003160
2 0.343517 0.563027 0.001866 0.001756
2 0.354244 0.560218 0.001866 0.003160
2 0.355760 0.557760 0.002565 0.002458
2 0.348647 0.559340 0.003731 0.006320
2 0.366371 0.554073 0.004198 0.004213
2 0.713969 0.556180 0.006297 0.011236
2 0.348881 0.548631 0.002332 0.003862
2 0.352146 0.545646 0.000933 0.001404
2 0.720849 0.533006 0.006063 0.007725
2 0.364855 0.537570 0.017957 0.016854
2 0.173857 0.460499 0.003032 0.005267
2 0.114622 0.459796 0.002565 0.003862
2 0.086637 0.397647 0.003965 0.008778
2 0.145173 0.395541 0.004431 0.005267
2 0.196245 0.389923 0.003498 0.005267
2 0.363806 0.388343 0.005131 0.008427
2 0.524137 0.251053 0.009095 0.014045
2 0.538596 0.245084 0.004897 0.008427
2 0.659282 0.240695 0.003265 0.005267
2 0.787080 0.164853 0.001399 0.003862
2 0.784632 0.162570 0.002565 0.004213
2 0.774953 0.156952 0.001866 0.002809
2 0.781133 0.157830 0.003032 0.005969
2 0.776936 0.146067 0.004897 0.010534
2 0.214785 0.136763 0.005131 0.006671
2 0.211870 0.115871 0.007696 0.011236
2 0.664179 0.090239 0.011660 0.029494