0 0.782416 0.945751 0.003265 0.005267
0 0.506646 0.922753 0.003965 0.006320
0 0.468517 0.861482 0.003265 0.003160
0 0.810051 0.842697 0.002565 0.004213
0 0.716185 0.833041 0.005131 0.006671
0 0.808069 0.818469 0.003265 0.004916
0 0.530667 0.810920 0.003498 0.004565
0 0.183769 0.780021 0.006996 0.010885
0 0.710354 0.749122 0.003731 0.005267
0 0.729711 0.614817 0.004664 0.006320
0 0.588036 0.484902 0.004431 0.005618
0 0.643540 0.468048 0.003965 0.008427
0 0.713386 0.176088 0.002332 0.003160
0 0.707090 0.177317 0.003731 0.006320
0 0.702892 0.172402 0.003731 0.004916
0 0.732743 0.170822 0.002799 0.004565
0 0.652519 0.051088 0.003731 0.005267
1 0.183769 0.812500 0.011194 0.023876
1 0.577425 0.538624 0.011194 0.012640
1 0.321012 0.378511 0.014692 0.011938
1 0.679454 0.207338 0.038479 0.055829
1 0.715718 0.162921 0.012127 0.019663
1 0.197878 0.138343 0.014692 0.028792
1 0.658699 0.047226 0.008629 0.006671
2 0.314949 0.943996 0.004431 0.007374
2 0.572528 0.571454 0.007463 0.013694
2 0.577425 0.566362 0.004664 0.009831
2 0.559935 0.562851 0.001866 0.004916
2 0.561451 0.557409 0.004897 0.008076
2 0.583722 0.557409 0.007463 0.010183
2 0.551772 0.553722 0.005597 0.005618
2 0.553638 0.544944 0.002799 0.005618
2 0.568447 0.552142 0.024021 0.020716
2 0.562500 0.539501 0.004664 0.005969
2 0.130480 0.284761 0.004897 0.006320
2 0.326143 0.068469 0.007229 0.009129